11
  2.173913E-0001  2.065217E+0001  3.478261E+0001 MCC
 -4.413044E+0001  1.369565E+0001  8.695652E-0001 aINS_l
  4.685185E+0001  1.407407E+0001 -3.703704E-0001 aINS_r
  1.458333E+0000 -6.083333E+0001  3.812500E+0001 PCC
  1.428571E+0000  5.476191E+0001 -3.095238E+0000 mPFC
 -3.886364E+0001 -7.727273E+0001  3.250000E+0001 LPC_l
  4.704546E+0001 -6.704546E+0001  2.772727E+0001 LPC_r
 -4.350000E+0001  3.350000E+0001  2.650000E+0001 dlPFC_l
  4.000000E+0001  3.916667E+0001  3.041667E+0001 dlPFC_r
 -4.447368E+0001 -5.631579E+0001  4.842105E+0001 PPC_l
  5.060000E+0001 -5.160000E+0001  4.480000E+0001 PPC_r
