6661999 = Ignore first line (new format code)
File name: E:\Folders\PhD\ISAD\ISAD_Curry_data\ISAD_EEGs\eLORETA\EEGs_128Hz_200sec-window\Clinical_v_Healthy\T1_healthy_all\H10-ROIlinLagConn-crss.txt
1 = Number of time frames in Time X Frequency decomposition
3 = Number of EEG files
11 = Number Electrodes
25600 = Number of time frames in EEG files
32768 = Number of time frames in EEG files power of 2
7 = Number of matrices
5 = Band type (1=Classical1; 2=Classical2; 3=DiscreteFreqs; 4=AllDiscreteFreqs; 5=UserDefinedBands)
 1.280000E+0002 = Sampling rate Hz
-1.000000E+0002 = Freq1 Hz
-1.000000E+0002 = Freq2 Hz
 3.906250E-0003 = Frequency resolution Hz

  0.000000E+0000  1.077333E-0002  6.866378E-0003  1.239751E-0002  1.702423E-0002  9.591932E-0003  1.613118E-0002  4.192717E-0003  1.341282E-0002  1.172765E-0002  2.675532E-0002
  1.077333E-0002  0.000000E+0000  2.531022E-0003  7.501774E-0003  3.092455E-0004  9.899661E-0003  2.014357E-0002  9.198707E-0003  1.984666E-0002  1.349837E-0002  2.410769E-0002
  6.866378E-0003  2.531022E-0003  0.000000E+0000  4.758613E-0003  4.150487E-0003  6.109843E-0003  1.231388E-0002  6.061280E-0003  1.222584E-0002  7.990082E-0003  1.151037E-0002
  1.239751E-0002  7.501774E-0003  4.758613E-0003  0.000000E+0000  2.971281E-0002  9.119349E-0003  2.983782E-0002  7.113192E-0003  2.839576E-0002  2.195885E-0002  4.745977E-0002
  1.702423E-0002  3.092455E-0004  4.150487E-0003  2.971281E-0002  0.000000E+0000  2.870273E-0002  3.416469E-0002  1.687835E-0002  3.259323E-0002  3.431287E-0002  4.041206E-0002
  9.591932E-0003  9.899661E-0003  6.109843E-0003  9.119349E-0003  2.870273E-0002  0.000000E+0000  2.899140E-0002  4.850231E-0003  2.205481E-0002  8.908107E-0003  4.477281E-0002
  1.613118E-0002  2.014357E-0002  1.231388E-0002  2.983782E-0002  3.416469E-0002  2.899140E-0002  0.000000E+0000  1.816582E-0002  3.040118E-0002  3.061268E-0002  4.183124E-0002
  4.192717E-0003  9.198707E-0003  6.061280E-0003  7.113192E-0003  1.687835E-0002  4.850231E-0003  1.816582E-0002  0.000000E+0000  7.252583E-0003  6.370174E-0003  2.664225E-0002
  1.341282E-0002  1.984666E-0002  1.222584E-0002  2.839576E-0002  3.259323E-0002  2.205481E-0002  3.040118E-0002  7.252583E-0003  0.000000E+0000  2.691549E-0002  4.061056E-0002
  1.172765E-0002  1.349837E-0002  7.990082E-0003  2.195885E-0002  3.431287E-0002  8.908107E-0003  3.061268E-0002  6.370174E-0003  2.691549E-0002  0.000000E+0000  4.694226E-0002
  2.675532E-0002  2.410769E-0002  1.151037E-0002  4.745977E-0002  4.041206E-0002  4.477281E-0002  4.183124E-0002  2.664225E-0002  4.061056E-0002  4.694226E-0002  0.000000E+0000

  0.000000E+0000  5.763893E-0004  3.052664E-0004  8.392330E-0004  1.198609E-0003  5.490890E-0004  1.093286E-0003  2.300590E-0004  7.246729E-0004  7.626690E-0004  1.053939E-0003
  5.763893E-0004  0.000000E+0000  1.840169E-0004  5.399923E-0004  3.397134E-0005  6.146570E-0004  8.391659E-0004  5.315143E-0004  8.283967E-0004  7.270271E-0004  9.294541E-0004
  3.052664E-0004  1.840169E-0004  0.000000E+0000  3.522579E-0004  3.996849E-0004  3.795031E-0004  4.529751E-0004  3.053599E-0004  4.424210E-0004  4.292776E-0004  4.783082E-0004
  8.392330E-0004  5.399923E-0004  3.522579E-0004  0.000000E+0000  1.732220E-0003  6.410721E-0004  1.718459E-0003  5.090342E-0004  1.638805E-0003  1.321418E-0003  2.362760E-0003
  1.198609E-0003  3.397134E-0005  3.996849E-0004  1.732220E-0003  0.000000E+0000  1.675826E-0003  1.780009E-0003  1.201643E-0003  1.736701E-0003  1.819765E-0003  1.936182E-0003
  5.490890E-0004  6.146570E-0004  3.795031E-0004  6.410721E-0004  1.675826E-0003  0.000000E+0000  1.538936E-0003  2.899881E-0004  1.108197E-0003  6.006513E-0004  2.148052E-0003
  1.093286E-0003  8.391659E-0004  4.529751E-0004  1.718459E-0003  1.780009E-0003  1.538936E-0003  0.000000E+0000  9.836697E-0004  1.630584E-0003  1.673733E-0003  1.960111E-0003
  2.300590E-0004  5.315143E-0004  3.053599E-0004  5.090342E-0004  1.201643E-0003  2.899881E-0004  9.836697E-0004  0.000000E+0000  4.811010E-0004  4.381887E-0004  1.041350E-0003
  7.246729E-0004  8.283967E-0004  4.424210E-0004  1.638805E-0003  1.736701E-0003  1.108197E-0003  1.630584E-0003  4.811010E-0004  0.000000E+0000  1.503159E-0003  1.862601E-0003
  7.626690E-0004  7.270271E-0004  4.292776E-0004  1.321418E-0003  1.819765E-0003  6.006513E-0004  1.673733E-0003  4.381887E-0004  1.503159E-0003  0.000000E+0000  2.318681E-0003
  1.053939E-0003  9.294541E-0004  4.783082E-0004  2.362760E-0003  1.936182E-0003  2.148052E-0003  1.960111E-0003  1.041350E-0003  1.862601E-0003  2.318681E-0003  0.000000E+0000

  0.000000E+0000  3.296911E-0005  1.892074E-0005  4.388078E-0005  5.905552E-0005  3.120977E-0005  5.438925E-0005  1.358746E-0005  3.924952E-0005  4.074217E-0005  6.166190E-0005
  3.296911E-0005  0.000000E+0000  9.771971E-0006  2.833580E-0005  1.495293E-0006  3.377569E-0005  5.045974E-0005  2.989372E-0005  4.975741E-0005  4.141207E-0005  5.519225E-0005
  1.892074E-0005  9.771971E-0006  0.000000E+0000  1.858438E-0005  1.831058E-0005  2.131703E-0005  2.918589E-0005  1.834676E-0005  2.859172E-0005  2.518613E-0005  2.973363E-0005
  4.388078E-0005  2.833580E-0005  1.858438E-0005  0.000000E+0000  8.799237E-0005  3.361424E-0005  8.774700E-0005  2.679149E-0005  8.416653E-0005  6.885573E-0005  1.188657E-0004
  5.905552E-0005  1.495293E-0006  1.831058E-0005  8.799237E-0005  0.000000E+0000  8.529534E-0005  9.260767E-0005  5.900862E-0005  9.001585E-0005  9.418404E-0005  1.018325E-0004
  3.120977E-0005  3.377569E-0005  2.131703E-0005  3.361424E-0005  8.529534E-0005  0.000000E+0000  8.153725E-0005  1.666357E-0005  6.205085E-0005  3.210981E-0005  1.107092E-0004
  5.438925E-0005  5.045974E-0005  2.918589E-0005  8.774700E-0005  9.260767E-0005  8.153725E-0005  0.000000E+0000  4.868642E-0005  8.528278E-0005  8.649119E-0005  1.029134E-0004
  1.358746E-0005  2.989372E-0005  1.834676E-0005  2.679149E-0005  5.900862E-0005  1.666357E-0005  4.868642E-0005  0.000000E+0000  2.609576E-0005  2.362289E-0005  6.114670E-0005
  3.924952E-0005  4.975741E-0005  2.859172E-0005  8.416653E-0005  9.001585E-0005  6.205085E-0005  8.528278E-0005  2.609576E-0005  0.000000E+0000  7.889516E-0005  9.908981E-0005
  4.074217E-0005  4.141207E-0005  2.518613E-0005  6.885573E-0005  9.418404E-0005  3.210981E-0005  8.649119E-0005  2.362289E-0005  7.889516E-0005  0.000000E+0000  1.172766E-0004
  6.166190E-0005  5.519225E-0005  2.973363E-0005  1.188657E-0004  1.018325E-0004  1.107092E-0004  1.029134E-0004  6.114670E-0005  9.908981E-0005  1.172766E-0004  0.000000E+0000

  0.000000E+0000  6.714812E-0004  4.161699E-0004  8.533914E-0004  1.060962E-0003  6.518760E-0004  9.961688E-0004  2.895231E-0004  7.760662E-0004  8.056986E-0004  1.247244E-0003
  6.714812E-0004  0.000000E+0000  1.843058E-0004  5.510984E-0004  2.403833E-0005  6.835530E-0004  1.100402E-0003  6.059174E-0004  1.080264E-0003  8.700636E-0004  1.122609E-0003
  4.161699E-0004  1.843058E-0004  0.000000E+0000  3.630583E-0004  3.041549E-0004  4.404917E-0004  6.835295E-0004  3.969868E-0004  6.688139E-0004  5.446117E-0004  6.814569E-0004
  8.533914E-0004  5.510984E-0004  3.630583E-0004  0.000000E+0000  1.681535E-0003  6.551519E-0004  1.684063E-0003  5.248334E-0004  1.624057E-0003  1.343565E-0003  2.264105E-0003
  1.060962E-0003  2.403833E-0005  3.041549E-0004  1.681535E-0003  0.000000E+0000  1.621458E-0003  1.785245E-0003  1.062026E-0003  1.725568E-0003  1.825921E-0003  2.005820E-0003
  6.518760E-0004  6.835530E-0004  4.404917E-0004  6.551519E-0004  1.621458E-0003  0.000000E+0000  1.601587E-0003  3.510114E-0004  1.281485E-0003  6.356102E-0004  2.127517E-0003
  9.961688E-0004  1.100402E-0003  6.835295E-0004  1.684063E-0003  1.785245E-0003  1.601587E-0003  0.000000E+0000  9.654830E-0004  1.651621E-0003  1.673202E-0003  1.987826E-0003
  2.895231E-0004  6.059174E-0004  3.969868E-0004  5.248334E-0004  1.062026E-0003  3.510114E-0004  9.654830E-0004  0.000000E+0000  5.186403E-0004  4.693859E-0004  1.239679E-0003
  7.760662E-0004  1.080264E-0003  6.688139E-0004  1.624057E-0003  1.725568E-0003  1.281485E-0003  1.651621E-0003  5.186403E-0004  0.000000E+0000  1.545914E-0003  1.923279E-0003
  8.056986E-0004  8.700636E-0004  5.446117E-0004  1.343565E-0003  1.825921E-0003  6.356102E-0004  1.673202E-0003  4.693859E-0004  1.545914E-0003  0.000000E+0000  2.237232E-0003
  1.247244E-0003  1.122609E-0003  6.814569E-0004  2.264105E-0003  2.005820E-0003  2.127517E-0003  1.987826E-0003  1.239679E-0003  1.923279E-0003  2.237232E-0003  0.000000E+0000

  0.000000E+0000  4.280177E-0002  2.755678E-0002  5.663878E-0002  6.260762E-0002  4.531722E-0002  6.098918E-0002  1.998581E-0002  5.220393E-0002  5.407289E-0002  7.209435E-0002
  4.280177E-0002  0.000000E+0000  1.144892E-0002  3.711506E-0002  1.432377E-0003  4.654564E-0002  7.344693E-0002  3.951149E-0002  7.137801E-0002  6.014911E-0002  7.657220E-0002
  2.755678E-0002  1.144892E-0002  0.000000E+0000  2.471742E-0002  1.723951E-0002  3.079254E-0002  4.784687E-0002  2.707007E-0002  4.622747E-0002  3.897813E-0002  4.955620E-0002
  5.663878E-0002  3.711506E-0002  2.471742E-0002  0.000000E+0000  1.063132E-0001  4.392922E-0002  1.068525E-0001  3.547744E-0002  1.035562E-0001  8.736581E-0002  1.393405E-0001
  6.260762E-0002  1.432377E-0003  1.723951E-0002  1.063132E-0001  0.000000E+0000  1.011813E-0001  1.102602E-0001  6.306459E-0002  1.059959E-0001  1.149911E-0001  1.268496E-0001
  4.531722E-0002  4.654564E-0002  3.079254E-0002  4.392922E-0002  1.011813E-0001  0.000000E+0000  1.016971E-0001  2.504291E-0002  8.522170E-0002  4.305498E-0002  1.298661E-0001
  6.098918E-0002  7.344693E-0002  4.784687E-0002  1.068525E-0001  1.102602E-0001  1.016971E-0001  0.000000E+0000  5.862397E-0002  1.030035E-0001  1.068398E-0001  1.209161E-0001
  1.998581E-0002  3.951149E-0002  2.707007E-0002  3.547744E-0002  6.306459E-0002  2.504291E-0002  5.862397E-0002  0.000000E+0000  3.482092E-0002  3.219226E-0002  7.167110E-0002
  5.220393E-0002  7.137801E-0002  4.622747E-0002  1.035562E-0001  1.059959E-0001  8.522170E-0002  1.030035E-0001  3.482092E-0002  0.000000E+0000  9.951497E-0002  1.158232E-0001
  5.407289E-0002  6.014911E-0002  3.897813E-0002  8.736581E-0002  1.149911E-0001  4.305498E-0002  1.068398E-0001  3.219226E-0002  9.951497E-0002  0.000000E+0000  1.374837E-0001
  7.209435E-0002  7.657220E-0002  4.955620E-0002  1.393405E-0001  1.268496E-0001  1.298661E-0001  1.209161E-0001  7.167110E-0002  1.158232E-0001  1.374837E-0001  0.000000E+0000

  0.000000E+0000  1.372466E-0003  8.717201E-0004  1.880778E-0003  2.020582E-0003  1.492322E-0003  1.992602E-0003  6.650683E-0004  1.676741E-0003  1.792840E-0003  2.146125E-0003
  1.372466E-0003  0.000000E+0000  3.933376E-0004  1.271952E-0003  5.027401E-0005  1.546206E-0003  2.229460E-0003  1.291406E-0003  2.167918E-0003  1.933591E-0003  2.354396E-0003
  8.717201E-0004  3.933376E-0004  0.000000E+0000  8.640789E-0004  5.962790E-0004  1.043603E-0003  1.452453E-0003  8.797141E-0004  1.399359E-0003  1.282325E-0003  1.553335E-0003
  1.880778E-0003  1.271952E-0003  8.640789E-0004  0.000000E+0000  3.280494E-0003  1.488333E-0003  3.288871E-0003  1.217524E-0003  3.203126E-0003  2.763726E-0003  4.098701E-0003
  2.020582E-0003  5.027401E-0005  5.962790E-0004  3.280494E-0003  0.000000E+0000  3.127547E-0003  3.331093E-0003  2.040065E-0003  3.218123E-0003  3.480192E-0003  3.764627E-0003
  1.492322E-0003  1.546206E-0003  1.043603E-0003  1.488333E-0003  3.127547E-0003  0.000000E+0000  3.113193E-0003  8.503840E-0004  2.640083E-0003  1.452233E-0003  3.825749E-0003
  1.992602E-0003  2.229460E-0003  1.452453E-0003  3.288871E-0003  3.331093E-0003  3.113193E-0003  0.000000E+0000  1.813770E-0003  3.144817E-0003  3.267090E-0003  3.604483E-0003
  6.650683E-0004  1.291406E-0003  8.797141E-0004  1.217524E-0003  2.040065E-0003  8.503840E-0004  1.813770E-0003  0.000000E+0000  1.177492E-0003  1.104570E-0003  2.131963E-0003
  1.676741E-0003  2.167918E-0003  1.399359E-0003  3.203126E-0003  3.218123E-0003  2.640083E-0003  3.144817E-0003  1.177492E-0003  0.000000E+0000  3.079594E-0003  3.421724E-0003
  1.792840E-0003  1.933591E-0003  1.282325E-0003  2.763726E-0003  3.480192E-0003  1.452233E-0003  3.267090E-0003  1.104570E-0003  3.079594E-0003  0.000000E+0000  4.045243E-0003
  2.146125E-0003  2.354396E-0003  1.553335E-0003  4.098701E-0003  3.764627E-0003  3.825749E-0003  3.604483E-0003  2.131963E-0003  3.421724E-0003  4.045243E-0003  0.000000E+0000

  0.000000E+0000  5.623380E-0005  3.454740E-0005  8.130071E-0005  8.569479E-0005  6.291030E-0005  8.531436E-0005  2.755129E-0005  7.106930E-0005  7.706018E-0005  8.346343E-0005
  5.623380E-0005  0.000000E+0000  1.709585E-0005  5.612837E-0005  2.231974E-0006  6.608541E-0005  8.766261E-0005  5.377388E-0005  8.521702E-0005  8.015343E-0005  9.387579E-0005
  3.454740E-0005  1.709585E-0005  0.000000E+0000  3.864762E-0005  2.657902E-0005  4.495191E-0005  5.567013E-0005  3.579615E-0005  5.346158E-0005  5.341981E-0005  6.156157E-0005
  8.130071E-0005  5.612837E-0005  3.864762E-0005  0.000000E+0000  1.361636E-0004  6.502009E-0005  1.360629E-0004  5.359744E-0005  1.326887E-0004  1.159814E-0004  1.654486E-0004
  8.569479E-0005  2.231974E-0006  2.657902E-0005  1.361636E-0004  0.000000E+0000  1.297926E-0004  1.354507E-0004  8.661249E-0005  1.311930E-0004  1.422914E-0004  1.518187E-0004
  6.291030E-0005  6.608541E-0005  4.495191E-0005  6.502009E-0005  1.297926E-0004  0.000000E+0000  1.273844E-0004  3.616215E-0005  1.075496E-0004  6.301662E-0005  1.538089E-0004
  8.531436E-0005  8.766261E-0005  5.567013E-0005  1.360629E-0004  1.354507E-0004  1.273844E-0004  0.000000E+0000  7.823949E-0005  1.283804E-0004  1.347544E-0004  1.451016E-0004
  2.755129E-0005  5.377388E-0005  3.579615E-0005  5.359744E-0005  8.661249E-0005  3.616215E-0005  7.823949E-0005  0.000000E+0000  5.077661E-0005  4.818081E-0005  8.270202E-0005
  7.106930E-0005  8.521702E-0005  5.346158E-0005  1.326887E-0004  1.311930E-0004  1.075496E-0004  1.283804E-0004  5.077661E-0005  0.000000E+0000  1.270698E-0004  1.360525E-0004
  7.706018E-0005  8.015343E-0005  5.341981E-0005  1.159814E-0004  1.422914E-0004  6.301662E-0005  1.347544E-0004  4.818081E-0005  1.270698E-0004  0.000000E+0000  1.632582E-0004
  8.346343E-0005  9.387579E-0005  6.156157E-0005  1.654486E-0004  1.518187E-0004  1.538089E-0004  1.451016E-0004  8.270202E-0005  1.360525E-0004  1.632582E-0004  0.000000E+0000
