6661999 = Ignore first line (new format code)
File name: E:\Folders\PhD\ISAD\ISAD_Curry_data\ISAD_EEGs\eLORETA\EEGs_128Hz_200sec-window\Clinical_v_Healthy\T1_healthy_all\H21-ROIlinLagConn-crss.txt
1 = Number of time frames in Time X Frequency decomposition
2 = Number of EEG files
11 = Number Electrodes
25600 = Number of time frames in EEG files
32768 = Number of time frames in EEG files power of 2
7 = Number of matrices
5 = Band type (1=Classical1; 2=Classical2; 3=DiscreteFreqs; 4=AllDiscreteFreqs; 5=UserDefinedBands)
 1.280000E+0002 = Sampling rate Hz
-1.000000E+0002 = Freq1 Hz
-1.000000E+0002 = Freq2 Hz
 3.906250E-0003 = Frequency resolution Hz

  0.000000E+0000  1.288629E-0003  9.283327E-0004  2.250019E-0003  8.586395E-0004  2.285420E-0003  3.536103E-0003  2.497524E-0003  5.781362E-0004  2.256121E-0003  3.966668E-0003
  1.288629E-0003  0.000000E+0000  2.501353E-0003  2.868382E-0003  2.940204E-0003  1.796837E-0003  1.705283E-0003  1.812437E-0003  2.883522E-0003  1.794034E-0003  1.556837E-0003
  9.283327E-0004  2.501353E-0003  0.000000E+0000  4.641741E-0003  6.287732E-0003  7.194574E-0003  7.229323E-0003  7.099913E-0003  5.866660E-0003  4.336558E-0003  7.717200E-0003
  2.250019E-0003  2.868382E-0003  4.641741E-0003  0.000000E+0000  5.255830E-0003  6.640371E-0003  8.183425E-0003  6.832533E-0003  5.147797E-0003  6.449064E-0003  8.891917E-0003
  8.586395E-0004  2.940204E-0003  6.287732E-0003  5.255830E-0003  0.000000E+0000  7.164746E-0003  8.987308E-0003  7.181249E-0003  2.071996E-0003  7.753898E-0003  9.684299E-0003
  2.285420E-0003  1.796837E-0003  7.194574E-0003  6.640371E-0003  7.164746E-0003  0.000000E+0000  7.881836E-0003  6.501281E-0003  6.956360E-0003  7.502748E-0003  8.435776E-0003
  3.536103E-0003  1.705283E-0003  7.229323E-0003  8.183425E-0003  8.987308E-0003  7.881836E-0003  0.000000E+0000  7.276132E-0003  8.815197E-0003  6.518250E-0003  4.663757E-0003
  2.497524E-0003  1.812437E-0003  7.099913E-0003  6.832533E-0003  7.181249E-0003  6.501281E-0003  7.276132E-0003  0.000000E+0000  6.922511E-0003  7.209215E-0003  7.698110E-0003
  5.781362E-0004  2.883522E-0003  5.866660E-0003  5.147797E-0003  2.071996E-0003  6.956360E-0003  8.815197E-0003  6.922511E-0003  0.000000E+0000  7.514334E-0003  9.499247E-0003
  2.256121E-0003  1.794034E-0003  4.336558E-0003  6.449064E-0003  7.753898E-0003  7.502748E-0003  6.518250E-0003  7.209215E-0003  7.514334E-0003  0.000000E+0000  6.568188E-0003
  3.966668E-0003  1.556837E-0003  7.717200E-0003  8.891917E-0003  9.684299E-0003  8.435776E-0003  4.663757E-0003  7.698110E-0003  9.499247E-0003  6.568188E-0003  0.000000E+0000

  0.000000E+0000  9.230184E-0004  8.062216E-0004  1.562689E-0003  7.332524E-0004  1.676709E-0003  2.385933E-0003  1.813277E-0003  4.269921E-0004  1.697806E-0003  2.601347E-0003
  9.230184E-0004  0.000000E+0000  2.094893E-0003  2.737913E-0003  2.893512E-0003  1.329272E-0003  1.031648E-0003  1.264120E-0003  2.802307E-0003  1.273591E-0003  9.090625E-0004
  8.062216E-0004  2.094893E-0003  0.000000E+0000  3.882251E-0003  6.007765E-0003  6.327207E-0003  6.008643E-0003  6.156212E-0003  5.609598E-0003  3.683085E-0003  6.262709E-0003
  1.562689E-0003  2.737913E-0003  3.882251E-0003  0.000000E+0000  5.054596E-0003  5.984958E-0003  7.245672E-0003  6.138037E-0003  4.884284E-0003  5.886964E-0003  7.784616E-0003
  7.332524E-0004  2.893512E-0003  6.007765E-0003  5.054596E-0003  0.000000E+0000  6.770050E-0003  8.364872E-0003  6.755210E-0003  2.015784E-0003  7.299054E-0003  8.948218E-0003
  1.676709E-0003  1.329272E-0003  6.327207E-0003  5.984958E-0003  6.770050E-0003  0.000000E+0000  6.688187E-0003  5.309740E-0003  6.535825E-0003  6.498479E-0003  7.163476E-0003
  2.385933E-0003  1.031648E-0003  6.008643E-0003  7.245672E-0003  8.364872E-0003  6.688187E-0003  0.000000E+0000  5.924727E-0003  8.106926E-0003  5.120236E-0003  3.184472E-0003
  1.813277E-0003  1.264120E-0003  6.156212E-0003  6.138037E-0003  6.755210E-0003  5.309740E-0003  5.924727E-0003  0.000000E+0000  6.409874E-0003  6.095077E-0003  6.239900E-0003
  4.269921E-0004  2.802307E-0003  5.609598E-0003  4.884284E-0003  2.015784E-0003  6.535825E-0003  8.106926E-0003  6.409874E-0003  0.000000E+0000  7.033559E-0003  8.664634E-0003
  1.697806E-0003  1.273591E-0003  3.683085E-0003  5.886964E-0003  7.299054E-0003  6.498479E-0003  5.120236E-0003  6.095077E-0003  7.033559E-0003  0.000000E+0000  4.970412E-0003
  2.601347E-0003  9.090625E-0004  6.262709E-0003  7.784616E-0003  8.948218E-0003  7.163476E-0003  3.184472E-0003  6.239900E-0003  8.664634E-0003  4.970412E-0003  0.000000E+0000

  0.000000E+0000  1.116226E-0005  1.840438E-0005  1.812296E-0005  7.865202E-0006  2.858645E-0005  3.409015E-0005  2.255502E-0005  5.549102E-0006  3.205561E-0005  3.433906E-0005
  1.116226E-0005  0.000000E+0000  4.356751E-0005  4.724775E-0005  4.388360E-0005  1.436977E-0005  1.053503E-0005  1.205250E-0005  4.191925E-0005  2.202767E-0005  1.008027E-0005
  1.840438E-0005  4.356751E-0005  0.000000E+0000  8.222034E-0005  1.152398E-0004  1.119772E-0004  1.063009E-0004  1.090944E-0004  1.099651E-0004  7.123438E-0005  1.099920E-0004
  1.812296E-0005  4.724775E-0005  8.222034E-0005  0.000000E+0000  8.824751E-0005  1.167739E-0004  1.551043E-0004  1.075755E-0004  8.309647E-0005  1.297388E-0004  1.657494E-0004
  7.865202E-0006  4.388360E-0005  1.152398E-0004  8.824751E-0005  0.000000E+0000  1.381412E-0004  1.958600E-0004  1.313413E-0004  2.754276E-0005  1.564907E-0004  2.205566E-0004
  2.858645E-0005  1.436977E-0005  1.119772E-0004  1.167739E-0004  1.381412E-0004  0.000000E+0000  1.221129E-0004  8.203604E-0005  1.325401E-0004  1.168472E-0004  1.410611E-0004
  3.409015E-0005  1.053503E-0005  1.063009E-0004  1.551043E-0004  1.958600E-0004  1.221129E-0004  0.000000E+0000  1.006810E-0004  1.846421E-0004  8.305715E-0005  4.371833E-0005
  2.255502E-0005  1.205250E-0005  1.090944E-0004  1.075755E-0004  1.313413E-0004  8.203604E-0005  1.006810E-0004  0.000000E+0000  1.169027E-0004  1.068697E-0004  1.116489E-0004
  5.549102E-0006  4.191925E-0005  1.099651E-0004  8.309647E-0005  2.754276E-0005  1.325401E-0004  1.846421E-0004  1.169027E-0004  0.000000E+0000  1.503860E-0004  2.055597E-0004
  3.205561E-0005  2.202767E-0005  7.123438E-0005  1.297388E-0004  1.564907E-0004  1.168472E-0004  8.305715E-0005  1.068697E-0004  1.503860E-0004  0.000000E+0000  7.682497E-0005
  3.433906E-0005  1.008027E-0005  1.099920E-0004  1.657494E-0004  2.205566E-0004  1.410611E-0004  4.371833E-0005  1.116489E-0004  2.055597E-0004  7.682497E-0005  0.000000E+0000

  0.000000E+0000  5.416766E-0004  9.125982E-0004  8.796853E-0004  3.787489E-0004  1.406997E-0003  1.665763E-0003  1.098432E-0003  2.691531E-0004  1.585229E-0003  1.673075E-0003
  5.416766E-0004  0.000000E+0000  2.162511E-0003  2.315268E-0003  2.137611E-0003  7.031183E-0004  5.085517E-0004  5.806978E-0004  2.041733E-0003  1.086784E-0003  4.878820E-0004
  9.125982E-0004  2.162511E-0003  0.000000E+0000  4.071522E-0003  5.691257E-0003  5.533326E-0003  5.249708E-0003  5.388027E-0003  5.428789E-0003  3.548767E-0003  5.435871E-0003
  8.796853E-0004  2.315268E-0003  4.071522E-0003  0.000000E+0000  4.342191E-0003  5.810051E-0003  7.743130E-0003  5.301871E-0003  4.085457E-0003  6.478237E-0003  8.280251E-0003
  3.787489E-0004  2.137611E-0003  5.691257E-0003  4.342191E-0003  0.000000E+0000  6.861692E-0003  9.837586E-0003  6.503973E-0003  1.337985E-0003  7.808732E-0003  1.113256E-0002
  1.406997E-0003  7.031183E-0004  5.533326E-0003  5.810051E-0003  6.861692E-0003  0.000000E+0000  6.058532E-0003  4.024233E-0003  6.579719E-0003  5.791438E-0003  7.031599E-0003
  1.665763E-0003  5.085517E-0004  5.249708E-0003  7.743130E-0003  9.837586E-0003  6.058532E-0003  0.000000E+0000  4.970579E-0003  9.256835E-0003  4.086905E-0003  2.132526E-0003
  1.098432E-0003  5.806978E-0004  5.388027E-0003  5.301871E-0003  6.503973E-0003  4.024233E-0003  4.970579E-0003  0.000000E+0000  5.771448E-0003  5.284820E-0003  5.527471E-0003
  2.691531E-0004  2.041733E-0003  5.428789E-0003  4.085457E-0003  1.337985E-0003  6.579719E-0003  9.256835E-0003  5.771448E-0003  0.000000E+0000  7.499953E-0003  1.034673E-0002
  1.585229E-0003  1.086784E-0003  3.548767E-0003  6.478237E-0003  7.808732E-0003  5.791438E-0003  4.086905E-0003  5.284820E-0003  7.499953E-0003  0.000000E+0000  3.770890E-0003
  1.673075E-0003  4.878820E-0004  5.435871E-0003  8.280251E-0003  1.113256E-0002  7.031599E-0003  2.132526E-0003  5.527471E-0003  1.034673E-0002  3.770890E-0003  0.000000E+0000

  0.000000E+0000  9.868492E-0004  1.462530E-0003  1.609955E-0003  6.975418E-0004  2.412862E-0003  2.949739E-0003  1.968134E-0003  4.861529E-0004  2.660904E-0003  2.999759E-0003
  9.868492E-0004  0.000000E+0000  3.522552E-0003  3.889681E-0003  3.675975E-0003  1.239431E-0003  9.504129E-0004  1.088675E-0003  3.524274E-0003  1.864774E-0003  9.042686E-0004
  1.462530E-0003  3.522552E-0003  0.000000E+0000  6.448294E-0003  9.185552E-0003  9.121921E-0003  8.697330E-0003  8.895781E-0003  8.736912E-0003  5.814436E-0003  9.019247E-0003
  1.609955E-0003  3.889681E-0003  6.448294E-0003  0.000000E+0000  7.193818E-0003  9.196286E-0003  1.212105E-0002  8.761655E-0003  6.818238E-0003  1.012050E-0002  1.294937E-0002
  6.975418E-0004  3.675975E-0003  9.185552E-0003  7.193818E-0003  0.000000E+0000  1.085153E-0002  1.486658E-0002  1.043051E-0002  2.353043E-0003  1.215482E-0002  1.650702E-0002
  2.412862E-0003  1.239431E-0003  9.121921E-0003  9.196286E-0003  1.085153E-0002  0.000000E+0000  9.913553E-0003  6.882930E-0003  1.045104E-0002  9.510139E-0003  1.126952E-0002
  2.949739E-0003  9.504129E-0004  8.697330E-0003  1.212105E-0002  1.486658E-0002  9.913553E-0003  0.000000E+0000  8.316951E-0003  1.413907E-0002  6.943850E-0003  3.785519E-0003
  1.968134E-0003  1.088675E-0003  8.895781E-0003  8.761655E-0003  1.043051E-0002  6.882930E-0003  8.316951E-0003  0.000000E+0000  9.425971E-0003  8.759364E-0003  9.133576E-0003
  4.861529E-0004  3.524274E-0003  8.736912E-0003  6.818238E-0003  2.353043E-0003  1.045104E-0002  1.413907E-0002  9.425971E-0003  0.000000E+0000  1.172000E-0002  1.556814E-0002
  2.660904E-0003  1.864774E-0003  5.814436E-0003  1.012050E-0002  1.215482E-0002  9.510139E-0003  6.943850E-0003  8.759364E-0003  1.172000E-0002  0.000000E+0000  6.483465E-0003
  2.999759E-0003  9.042686E-0004  9.019247E-0003  1.294937E-0002  1.650702E-0002  1.126952E-0002  3.785519E-0003  9.133576E-0003  1.556814E-0002  6.483465E-0003  0.000000E+0000

  0.000000E+0000  8.403377E-0005  1.199596E-0004  1.375083E-0004  5.604521E-0005  2.098657E-0004  2.589891E-0004  1.705249E-0004  4.126090E-0005  2.312735E-0004  2.627927E-0004
  8.403377E-0005  0.000000E+0000  2.919578E-0004  2.999817E-0004  2.799394E-0004  1.105111E-0004  8.304154E-0005  9.145744E-0005  2.699280E-0004  1.651688E-0004  8.050727E-0005
  1.199596E-0004  2.919578E-0004  0.000000E+0000  4.984952E-0004  6.997403E-0004  7.221936E-0004  7.069341E-0004  7.092005E-0004  6.661200E-0004  4.737028E-0004  7.399415E-0004
  1.375083E-0004  2.999817E-0004  4.984952E-0004  0.000000E+0000  5.485286E-0004  7.166484E-0004  9.557025E-0004  6.872550E-0004  5.235645E-0004  7.895468E-0004  1.024820E-0003
  5.604521E-0005  2.799394E-0004  6.997403E-0004  5.485286E-0004  0.000000E+0000  8.267122E-0004  1.135572E-0003  7.986976E-0004  1.807038E-0004  9.261540E-0004  1.262499E-0003
  2.098657E-0004  1.105111E-0004  7.221936E-0004  7.166484E-0004  8.267122E-0004  0.000000E+0000  7.976517E-0004  5.617221E-0004  8.009322E-0004  7.584465E-0004  9.069899E-0004
  2.589891E-0004  8.304154E-0005  7.069341E-0004  9.557025E-0004  1.135572E-0003  7.976517E-0004  0.000000E+0000  6.809322E-0004  1.088622E-0003  5.777766E-0004  3.286933E-0004
  1.705249E-0004  9.145744E-0005  7.092005E-0004  6.872550E-0004  7.986976E-0004  5.617221E-0004  6.809322E-0004  0.000000E+0000  7.285018E-0004  7.064827E-0004  7.502156E-0004
  4.126090E-0005  2.699280E-0004  6.661200E-0004  5.235645E-0004  1.807038E-0004  8.009322E-0004  1.088622E-0003  7.285018E-0004  0.000000E+0000  8.981189E-0004  1.201279E-0003
  2.312735E-0004  1.651688E-0004  4.737028E-0004  7.895468E-0004  9.261540E-0004  7.584465E-0004  5.777766E-0004  7.064827E-0004  8.981189E-0004  0.000000E+0000  5.459650E-0004
  2.627927E-0004  8.050727E-0005  7.399415E-0004  1.024820E-0003  1.262499E-0003  9.069899E-0004  3.286933E-0004  7.502156E-0004  1.201279E-0003  5.459650E-0004  0.000000E+0000

  0.000000E+0000  3.416773E-0004  4.437087E-0004  5.631369E-0004  2.164541E-0004  8.467613E-0004  1.074007E-0003  6.995924E-0004  1.667226E-0004  9.208365E-0004  1.095058E-0003
  3.416773E-0004  0.000000E+0000  1.099684E-0003  1.079180E-0003  1.006267E-0003  4.628268E-0004  3.518872E-0004  3.727620E-0004  9.762397E-0004  6.763132E-0004  3.464185E-0004
  4.437087E-0004  1.099684E-0003  0.000000E+0000  1.874988E-0003  2.475304E-0003  2.653383E-0003  2.660430E-0003  2.622833E-0003  2.353015E-0003  1.774143E-0003  2.810109E-0003
  5.631369E-0004  1.079180E-0003  1.874988E-0003  0.000000E+0000  1.954764E-0003  2.559480E-0003  3.442060E-0003  2.508221E-0003  1.881019E-0003  2.806813E-0003  3.704751E-0003
  2.164541E-0004  1.006267E-0003  2.475304E-0003  1.954764E-0003  0.000000E+0000  2.908217E-0003  3.956825E-0003  2.832959E-0003  6.593092E-0004  3.239863E-0003  4.383301E-0003
  8.467613E-0004  4.628268E-0004  2.653383E-0003  2.559480E-0003  2.908217E-0003  0.000000E+0000  2.959877E-0003  2.145336E-0003  2.833472E-0003  2.793408E-0003  3.342052E-0003
  1.074007E-0003  3.518872E-0004  2.660430E-0003  3.442060E-0003  3.956825E-0003  2.959877E-0003  0.000000E+0000  2.588553E-0003  3.827005E-0003  2.234502E-0003  1.351137E-0003
  6.995924E-0004  3.727620E-0004  2.622833E-0003  2.508221E-0003  2.832959E-0003  2.145336E-0003  2.588553E-0003  0.000000E+0000  2.618372E-0003  2.636888E-0003  2.846808E-0003
  1.667226E-0004  9.762397E-0004  2.353015E-0003  1.881019E-0003  6.593092E-0004  2.833472E-0003  3.827005E-0003  2.618372E-0003  0.000000E+0000  3.158047E-0003  4.215048E-0003
  9.208365E-0004  6.763132E-0004  1.774143E-0003  2.806813E-0003  3.239863E-0003  2.793408E-0003  2.234502E-0003  2.636888E-0003  3.158047E-0003  0.000000E+0000  2.145183E-0003
  1.095058E-0003  3.464185E-0004  2.810109E-0003  3.704751E-0003  4.383301E-0003  3.342052E-0003  1.351137E-0003  2.846808E-0003  4.215048E-0003  2.145183E-0003  0.000000E+0000
