6661999 = Ignore first line (new format code)
File name: E:\Folders\PhD\ISAD\ISAD_Curry_data\ISAD_EEGs\eLORETA\EEGs_128Hz_200sec-window\Clinical_v_Healthy\T1_healthy_all\H24-ROIlinLagConn-crss.txt
1 = Number of time frames in Time X Frequency decomposition
3 = Number of EEG files
11 = Number Electrodes
25600 = Number of time frames in EEG files
32768 = Number of time frames in EEG files power of 2
7 = Number of matrices
5 = Band type (1=Classical1; 2=Classical2; 3=DiscreteFreqs; 4=AllDiscreteFreqs; 5=UserDefinedBands)
 1.280000E+0002 = Sampling rate Hz
-1.000000E+0002 = Freq1 Hz
-1.000000E+0002 = Freq2 Hz
 3.906250E-0003 = Frequency resolution Hz

  0.000000E+0000  2.802816E-0003  2.213586E-0003  5.156014E-0002  1.616048E-0002  4.882690E-0002  3.581411E-0002  3.063359E-0002  1.920876E-0002  5.286334E-0002  5.235153E-0002
  2.802816E-0003  0.000000E+0000  2.162840E-0004  2.332292E-0002  3.286879E-0003  2.441726E-0002  1.546427E-0002  9.448602E-0003  3.217601E-0003  2.637658E-0002  2.767625E-0002
  2.213586E-0003  2.162840E-0004  0.000000E+0000  1.639713E-0002  2.185458E-0003  1.779876E-0002  1.116685E-0002  6.442870E-0003  2.152461E-0003  1.876707E-0002  1.983797E-0002
  5.156014E-0002  2.332292E-0002  1.639713E-0002  0.000000E+0000  9.653258E-0002  4.828237E-0002  8.715225E-0002  8.355144E-0002  3.739703E-0002  4.722639E-0002  1.143646E-0001
  1.616048E-0002  3.286879E-0003  2.185458E-0003  9.653258E-0002  0.000000E+0000  9.027624E-0002  6.520282E-0002  5.202727E-0002  2.829109E-0002  9.700624E-0002  9.878823E-0002
  4.882690E-0002  2.441726E-0002  1.779876E-0002  4.828237E-0002  9.027624E-0002  0.000000E+0000  8.232016E-0002  7.778268E-0002  4.369267E-0002  5.997365E-0002  1.016923E-0001
  3.581411E-0002  1.546427E-0002  1.116685E-0002  8.715225E-0002  6.520282E-0002  8.232016E-0002  0.000000E+0000  4.609915E-0002  2.383372E-0002  8.786281E-0002  9.514435E-0002
  3.063359E-0002  9.448602E-0003  6.442870E-0003  8.355144E-0002  5.202727E-0002  7.778268E-0002  4.609915E-0002  0.000000E+0000  1.352634E-0002  8.366210E-0002  8.863034E-0002
  1.920876E-0002  3.217601E-0003  2.152461E-0003  3.739703E-0002  2.829109E-0002  4.369267E-0002  2.383372E-0002  1.352634E-0002  0.000000E+0000  4.078608E-0002  4.563423E-0002
  5.286334E-0002  2.637658E-0002  1.876707E-0002  4.722639E-0002  9.700624E-0002  5.997365E-0002  8.786281E-0002  8.366210E-0002  4.078608E-0002  0.000000E+0000  1.106209E-0001
  5.235153E-0002  2.767625E-0002  1.983797E-0002  1.143646E-0001  9.878823E-0002  1.016923E-0001  9.514435E-0002  8.863034E-0002  4.563423E-0002  1.106209E-0001  0.000000E+0000

  0.000000E+0000  6.302454E-0004  2.711041E-0004  4.208827E-0003  1.791661E-0003  5.153294E-0003  3.056230E-0003  1.820349E-0003  2.264706E-0003  3.193898E-0003  3.771206E-0003
  6.302454E-0004  0.000000E+0000  2.246787E-0004  2.080785E-0003  6.644757E-0004  3.007153E-0003  5.235805E-0004  5.411815E-0004  7.087765E-0004  2.138300E-0003  6.353941E-0004
  2.711041E-0004  2.246787E-0004  0.000000E+0000  1.815693E-0003  4.212502E-0004  2.319436E-0003  4.121380E-0004  3.691266E-0004  7.088105E-0004  1.723038E-0003  5.258906E-0004
  4.208827E-0003  2.080785E-0003  1.815693E-0003  0.000000E+0000  5.178533E-0003  3.883099E-0003  4.523790E-0003  4.719358E-0003  3.301747E-0003  3.166912E-0003  5.120473E-0003
  1.791661E-0003  6.644757E-0004  4.212502E-0004  5.178533E-0003  0.000000E+0000  7.221735E-0003  2.239763E-0003  1.497449E-0003  2.146438E-0003  4.612542E-0003  2.508751E-0003
  5.153294E-0003  3.007153E-0003  2.319436E-0003  3.883099E-0003  7.221735E-0003  0.000000E+0000  6.209511E-0003  6.401568E-0003  4.060001E-0003  8.472212E-0004  6.959235E-0003
  3.056230E-0003  5.235805E-0004  4.121380E-0004  4.523790E-0003  2.239763E-0003  6.209511E-0003  0.000000E+0000  1.972162E-0003  1.553355E-0003  4.400331E-0003  3.142336E-0003
  1.820349E-0003  5.411815E-0004  3.691266E-0004  4.719358E-0003  1.497449E-0003  6.401568E-0003  1.972162E-0003  0.000000E+0000  1.825439E-0003  4.208962E-0003  1.804250E-0003
  2.264706E-0003  7.087765E-0004  7.088105E-0004  3.301747E-0003  2.146438E-0003  4.060001E-0003  1.553355E-0003  1.825439E-0003  0.000000E+0000  2.807271E-0003  2.056545E-0003
  3.193898E-0003  2.138300E-0003  1.723038E-0003  3.166912E-0003  4.612542E-0003  8.472212E-0004  4.400331E-0003  4.208962E-0003  2.807271E-0003  0.000000E+0000  4.888672E-0003
  3.771206E-0003  6.353941E-0004  5.258906E-0004  5.120473E-0003  2.508751E-0003  6.959235E-0003  3.142336E-0003  1.804250E-0003  2.056545E-0003  4.888672E-0003  0.000000E+0000

  0.000000E+0000  3.103942E-0003  1.319893E-0003  1.634106E-0002  9.944551E-0003  2.242240E-0002  1.366418E-0002  8.142873E-0003  1.020467E-0002  8.153413E-0003  1.842297E-0002
  3.103942E-0003  0.000000E+0000  1.726782E-0003  8.990349E-0003  6.023446E-0003  1.303393E-0002  4.166330E-0003  3.917763E-0003  3.887409E-0003  6.268447E-0003  4.564470E-0003
  1.319893E-0003  1.726782E-0003  0.000000E+0000  8.143567E-0003  4.036332E-0003  9.899808E-0003  2.563728E-0003  1.860494E-0003  4.100380E-0003  4.805094E-0003  2.851585E-0003
  1.634106E-0002  8.990349E-0003  8.143567E-0003  0.000000E+0000  1.839315E-0002  1.611338E-0002  1.748115E-0002  1.786028E-0002  1.401114E-0002  8.770353E-0003  1.894596E-0002
  9.944551E-0003  6.023446E-0003  4.036332E-0003  1.839315E-0002  0.000000E+0000  3.055124E-0002  1.533896E-0002  1.252432E-0002  9.246056E-0003  1.284280E-0002  1.722489E-0002
  2.242240E-0002  1.303393E-0002  9.899808E-0003  1.611338E-0002  3.055124E-0002  0.000000E+0000  2.905793E-0002  2.898534E-0002  1.834049E-0002  6.893761E-0003  3.248071E-0002
  1.366418E-0002  4.166330E-0003  2.563728E-0003  1.748115E-0002  1.533896E-0002  2.905793E-0002  0.000000E+0000  5.903713E-0003  8.217074E-0003  1.229060E-0002  1.671095E-0002
  8.142873E-0003  3.917763E-0003  1.860494E-0003  1.786028E-0002  1.252432E-0002  2.898534E-0002  5.903713E-0003  0.000000E+0000  9.107085E-0003  1.151143E-0002  1.116155E-0002
  1.020467E-0002  3.887409E-0003  4.100380E-0003  1.401114E-0002  9.246056E-0003  1.834049E-0002  8.217074E-0003  9.107085E-0003  0.000000E+0000  7.014406E-0003  1.039975E-0002
  8.153413E-0003  6.268447E-0003  4.805094E-0003  8.770353E-0003  1.284280E-0002  6.893761E-0003  1.229060E-0002  1.151143E-0002  7.014406E-0003  0.000000E+0000  1.365090E-0002
  1.842297E-0002  4.564470E-0003  2.851585E-0003  1.894596E-0002  1.722489E-0002  3.248071E-0002  1.671095E-0002  1.116155E-0002  1.039975E-0002  1.365090E-0002  0.000000E+0000

  0.000000E+0000  1.031571E-0003  5.237341E-0004  4.370156E-0003  3.441173E-0003  6.684583E-0003  4.298530E-0003  2.661462E-0003  3.147820E-0003  1.807861E-0003  5.889768E-0003
  1.031571E-0003  0.000000E+0000  5.870680E-0004  1.659152E-0003  2.413397E-0003  3.706805E-0003  1.783170E-0003  1.602650E-0003  1.114265E-0003  1.487844E-0003  1.967405E-0003
  5.237341E-0004  5.870680E-0004  0.000000E+0000  1.712047E-0003  1.609467E-0003  2.856714E-0003  1.112987E-0003  8.183298E-0004  1.141685E-0003  9.337837E-0004  1.270636E-0003
  4.370156E-0003  1.659152E-0003  1.712047E-0003  0.000000E+0000  3.971878E-0003  3.988992E-0003  4.128159E-0003  4.374828E-0003  4.041584E-0003  2.269099E-0003  4.772490E-0003
  3.441173E-0003  2.413397E-0003  1.609467E-0003  3.971878E-0003  0.000000E+0000  8.995238E-0003  6.747655E-0003  5.383380E-0003  3.398987E-0003  2.795519E-0003  7.616672E-0003
  6.684583E-0003  3.706805E-0003  2.856714E-0003  3.988992E-0003  8.995238E-0003  0.000000E+0000  9.648613E-0003  9.251665E-0003  6.096957E-0003  4.633004E-0003  1.079012E-0002
  4.298530E-0003  1.783170E-0003  1.112987E-0003  4.128159E-0003  6.747655E-0003  9.648613E-0003  0.000000E+0000  1.294395E-0003  2.847870E-0003  4.714348E-0003  6.212210E-0003
  2.661462E-0003  1.602650E-0003  8.183298E-0004  4.374828E-0003  5.383380E-0003  9.251665E-0003  1.294395E-0003  0.000000E+0000  2.950348E-0003  2.847779E-0003  4.342982E-0003
  3.147820E-0003  1.114265E-0003  1.141685E-0003  4.041584E-0003  3.398987E-0003  6.096957E-0003  2.847870E-0003  2.950348E-0003  0.000000E+0000  2.134027E-0003  3.857365E-0003
  1.807861E-0003  1.487844E-0003  9.337837E-0004  2.269099E-0003  2.795519E-0003  4.633004E-0003  4.714348E-0003  2.847779E-0003  2.134027E-0003  0.000000E+0000  4.529781E-0003
  5.889768E-0003  1.967405E-0003  1.270636E-0003  4.772490E-0003  7.616672E-0003  1.079012E-0002  6.212210E-0003  4.342982E-0003  3.857365E-0003  4.529781E-0003  0.000000E+0000

  0.000000E+0000  5.871593E-0003  2.390163E-0003  3.673496E-0002  3.499286E-0002  8.611969E-0002  1.456245E-0002  8.176317E-0003  1.012652E-0002  8.098652E-0002  4.343649E-0002
  5.871593E-0003  0.000000E+0000  2.504439E-0003  8.590228E-0003  1.860528E-0002  2.130094E-0002  6.415195E-0003  6.741038E-0003  4.599476E-0003  2.213941E-0002  8.993799E-0003
  2.390163E-0003  2.504439E-0003  0.000000E+0000  6.180904E-0003  1.351119E-0002  2.210602E-0002  3.869994E-0003  3.545450E-0003  3.946919E-0003  2.266332E-0002  6.272799E-0003
  3.673496E-0002  8.590228E-0003  6.180904E-0003  0.000000E+0000  5.297001E-0002  9.575909E-0002  2.357459E-0002  1.761423E-0002  2.226007E-0002  9.620283E-0002  5.858339E-0002
  3.499286E-0002  1.860528E-0002  1.351119E-0002  5.297001E-0002  0.000000E+0000  8.702254E-0002  3.953642E-0002  4.143547E-0002  2.031270E-0002  7.788321E-0002  5.586052E-0002
  8.611969E-0002  2.130094E-0002  2.210602E-0002  9.575909E-0002  8.702254E-0002  0.000000E+0000  5.729301E-0002  7.766650E-0002  5.648343E-0002  1.131419E-0001  1.059737E-0001
  1.456245E-0002  6.415195E-0003  3.869994E-0003  2.357459E-0002  3.953642E-0002  5.729301E-0002  0.000000E+0000  5.063900E-0003  1.096100E-0002  5.262819E-0002  2.624979E-0002
  8.176317E-0003  6.741038E-0003  3.545450E-0003  1.761423E-0002  4.143547E-0002  7.766650E-0002  5.063900E-0003  0.000000E+0000  1.027917E-0002  7.092950E-0002  2.135545E-0002
  1.012652E-0002  4.599476E-0003  3.946919E-0003  2.226007E-0002  2.031270E-0002  5.648343E-0002  1.096100E-0002  1.027917E-0002  0.000000E+0000  5.452323E-0002  2.373377E-0002
  8.098652E-0002  2.213941E-0002  2.266332E-0002  9.620283E-0002  7.788321E-0002  1.131419E-0001  5.262819E-0002  7.092950E-0002  5.452323E-0002  0.000000E+0000  1.046067E-0001
  4.343649E-0002  8.993799E-0003  6.272799E-0003  5.858339E-0002  5.586052E-0002  1.059737E-0001  2.624979E-0002  2.135545E-0002  2.373377E-0002  1.046067E-0001  0.000000E+0000

  0.000000E+0000  3.411507E-0003  1.324319E-0003  3.743742E-0003  1.160673E-0002  1.773424E-0002  7.152850E-0003  5.192926E-0003  5.866801E-0003  1.283469E-0002  1.066976E-0002
  3.411507E-0003  0.000000E+0000  1.244090E-0003  3.746627E-0003  5.667593E-0003  7.245858E-0003  3.285481E-0003  3.973248E-0003  2.026722E-0003  4.083786E-0003  3.905087E-0003
  1.324319E-0003  1.244090E-0003  0.000000E+0000  1.813429E-0003  4.044315E-0003  5.032967E-0003  2.084258E-0003  2.177475E-0003  1.793876E-0003  3.857495E-0003  2.552465E-0003
  3.743742E-0003  3.746627E-0003  1.813429E-0003  0.000000E+0000  1.218783E-0002  1.721275E-0002  6.138423E-0003  5.962169E-0003  5.518264E-0003  1.225871E-0002  7.580015E-0003
  1.160673E-0002  5.667593E-0003  4.044315E-0003  1.218783E-0002  0.000000E+0000  2.157892E-0002  1.209735E-0002  1.420218E-0002  6.656571E-0003  1.296092E-0002  1.450350E-0002
  1.773424E-0002  7.245858E-0003  5.032967E-0003  1.721275E-0002  2.157892E-0002  0.000000E+0000  1.523149E-0002  1.713389E-0002  1.176725E-0002  1.175090E-0002  1.870457E-0002
  7.152850E-0003  3.285481E-0003  2.084258E-0003  6.138423E-0003  1.209735E-0002  1.523149E-0002  0.000000E+0000  2.486640E-0003  5.340556E-0003  8.360134E-0003  1.074065E-0002
  5.192926E-0003  3.973248E-0003  2.177475E-0003  5.962169E-0003  1.420218E-0002  1.713389E-0002  2.486640E-0003  0.000000E+0000  5.657960E-0003  1.171338E-0002  1.021867E-0002
  5.866801E-0003  2.026722E-0003  1.793876E-0003  5.518264E-0003  6.656571E-0003  1.176725E-0002  5.340556E-0003  5.657960E-0003  0.000000E+0000  8.885608E-0003  7.582592E-0003
  1.283469E-0002  4.083786E-0003  3.857495E-0003  1.225871E-0002  1.296092E-0002  1.175090E-0002  8.360134E-0003  1.171338E-0002  8.885608E-0003  0.000000E+0000  1.256822E-0002
  1.066976E-0002  3.905087E-0003  2.552465E-0003  7.580015E-0003  1.450350E-0002  1.870457E-0002  1.074065E-0002  1.021867E-0002  7.582592E-0003  1.256822E-0002  0.000000E+0000

  0.000000E+0000  4.535607E-0004  1.596774E-0004  6.052437E-0004  1.564093E-0003  2.559154E-0003  9.720795E-0004  6.963043E-0004  8.684325E-0004  1.320208E-0003  1.447498E-0003
  4.535607E-0004  0.000000E+0000  1.418622E-0004  5.423434E-0004  6.908897E-0004  1.342755E-0003  3.203437E-0004  4.331751E-0004  2.396895E-0004  3.247908E-0004  4.895201E-0004
  1.596774E-0004  1.418622E-0004  0.000000E+0000  2.645591E-0004  4.929699E-0004  8.597458E-0004  1.962775E-0004  2.233166E-0004  2.220764E-0004  3.194009E-0004  2.411556E-0004
  6.052437E-0004  5.423434E-0004  2.645591E-0004  0.000000E+0000  1.740487E-0003  3.564997E-0003  9.150084E-0004  9.109184E-0004  8.860971E-0004  1.303987E-0003  1.135846E-0003
  1.564093E-0003  6.908897E-0004  4.929699E-0004  1.740487E-0003  0.000000E+0000  3.988766E-0003  1.348754E-0003  1.708374E-0003  8.692820E-0004  1.095315E-0003  1.939023E-0003
  2.559154E-0003  1.342755E-0003  8.597458E-0004  3.564997E-0003  3.988766E-0003  0.000000E+0000  2.463079E-0003  2.908995E-0003  1.248487E-0003  2.008677E-0003  3.028658E-0003
  9.720795E-0004  3.203437E-0004  1.962775E-0004  9.150084E-0004  1.348754E-0003  2.463079E-0003  0.000000E+0000  2.418496E-0004  5.372333E-0004  6.133823E-0004  1.395235E-0003
  6.963043E-0004  4.331751E-0004  2.233166E-0004  9.109184E-0004  1.708374E-0003  2.908995E-0003  2.418496E-0004  0.000000E+0000  7.203655E-0004  9.661843E-0004  1.305622E-0003
  8.684325E-0004  2.396895E-0004  2.220764E-0004  8.860971E-0004  8.692820E-0004  1.248487E-0003  5.372333E-0004  7.203655E-0004  0.000000E+0000  7.791860E-0004  7.744773E-0004
  1.320208E-0003  3.247908E-0004  3.194009E-0004  1.303987E-0003  1.095315E-0003  2.008677E-0003  6.133823E-0004  9.661843E-0004  7.791860E-0004  0.000000E+0000  1.893162E-0003
  1.447498E-0003  4.895201E-0004  2.411556E-0004  1.135846E-0003  1.939023E-0003  3.028658E-0003  1.395235E-0003  1.305622E-0003  7.744773E-0004  1.893162E-0003  0.000000E+0000
