6661999 = Ignore first line (new format code)
File name: E:\Folders\PhD\ISAD\ISAD_Curry_data\ISAD_EEGs\eLORETA\EEGs_128Hz_200sec-window\Clinical_v_Healthy\T1_healthy_all\H27-ROIlinLagConn-crss.txt
1 = Number of time frames in Time X Frequency decomposition
2 = Number of EEG files
11 = Number Electrodes
25600 = Number of time frames in EEG files
32768 = Number of time frames in EEG files power of 2
7 = Number of matrices
5 = Band type (1=Classical1; 2=Classical2; 3=DiscreteFreqs; 4=AllDiscreteFreqs; 5=UserDefinedBands)
 1.280000E+0002 = Sampling rate Hz
-1.000000E+0002 = Freq1 Hz
-1.000000E+0002 = Freq2 Hz
 3.906250E-0003 = Frequency resolution Hz

  0.000000E+0000  1.937597E-0002  1.172712E-0002  5.446522E-0003  2.649647E-0002  1.276655E-0002  4.374520E-0003  4.939922E-0002  1.262226E-0002  4.244759E-0002  1.932052E-0002
  1.937597E-0002  0.000000E+0000  3.854084E-0003  5.787989E-0003  2.462645E-0002  7.946281E-0003  2.325279E-0003  4.768056E-0002  1.890110E-0002  1.321083E-0002  1.073649E-0002
  1.172712E-0002  3.854084E-0003  0.000000E+0000  9.490301E-0003  2.732201E-0003  9.285398E-0003  5.003716E-0004  1.252837E-0002  1.777910E-0002  2.560958E-0002  7.233122E-0003
  5.446522E-0003  5.787989E-0003  9.490301E-0003  0.000000E+0000  1.815110E-0002  3.415007E-0002  2.838542E-0003  2.434283E-0002  4.198387E-0002  4.553446E-0002  3.332077E-0002
  2.649647E-0002  2.462645E-0002  2.732201E-0003  1.815110E-0002  0.000000E+0000  1.610967E-0002  5.652211E-0004  3.750529E-0002  4.833679E-0002  1.037191E-0001  4.185887E-0002
  1.276655E-0002  7.946281E-0003  9.285398E-0003  3.415007E-0002  1.610967E-0002  0.000000E+0000  8.917979E-0003  3.043275E-0002  2.761286E-0002  3.917857E-0002  1.774856E-0002
  4.374520E-0003  2.325279E-0003  5.003716E-0004  2.838542E-0003  5.652211E-0004  8.917979E-0003  0.000000E+0000  9.652648E-0003  1.285012E-0002  2.285566E-0002  4.962415E-0003
  4.939922E-0002  4.768056E-0002  1.252837E-0002  2.434283E-0002  3.750529E-0002  3.043275E-0002  9.652648E-0003  0.000000E+0000  4.091219E-0002  1.249848E-0001  3.732331E-0002
  1.262226E-0002  1.890110E-0002  1.777910E-0002  4.198387E-0002  4.833679E-0002  2.761286E-0002  1.285012E-0002  4.091219E-0002  0.000000E+0000  4.734239E-0002  5.414468E-0002
  4.244759E-0002  1.321083E-0002  2.560958E-0002  4.553446E-0002  1.037191E-0001  3.917857E-0002  2.285566E-0002  1.249848E-0001  4.734239E-0002  0.000000E+0000  1.269058E-0001
  1.932052E-0002  1.073649E-0002  7.233122E-0003  3.332077E-0002  4.185887E-0002  1.774856E-0002  4.962415E-0003  3.732331E-0002  5.414468E-0002  1.269058E-0001  0.000000E+0000

  0.000000E+0000  4.808188E-0003  1.001824E-0004  7.640028E-0003  1.855023E-0003  6.145239E-0003  1.212990E-0003  1.271229E-0002  1.766766E-0003  5.561553E-0003  6.933181E-0003
  4.808188E-0003  0.000000E+0000  1.269276E-0004  5.993819E-0003  1.392290E-0003  5.453954E-0003  6.586099E-0004  9.281197E-0003  3.282240E-0003  7.171670E-0003  4.724257E-0003
  1.001824E-0004  1.269276E-0004  0.000000E+0000  1.565030E-0003  1.184281E-0004  1.209766E-0003  1.381712E-0004  1.314831E-0003  3.830746E-0004  1.366390E-0003  7.702702E-0004
  7.640028E-0003  5.993819E-0003  1.565030E-0003  0.000000E+0000  8.154658E-0003  2.398610E-0003  1.242541E-0003  6.663986E-0003  7.092503E-0003  5.311784E-0003  7.195850E-0003
  1.855023E-0003  1.392290E-0003  1.184281E-0004  8.154658E-0003  0.000000E+0000  7.819257E-0003  6.132553E-0004  1.108233E-0002  1.869019E-0003  6.130969E-0003  3.617542E-0003
  6.145239E-0003  5.453954E-0003  1.209766E-0003  2.398610E-0003  7.819257E-0003  0.000000E+0000  1.263603E-0003  6.464827E-0003  5.028906E-0003  9.567119E-0003  1.387338E-0002
  1.212990E-0003  6.586099E-0004  1.381712E-0004  1.242541E-0003  6.132553E-0004  1.263603E-0003  0.000000E+0000  1.292650E-0003  1.134705E-0003  2.320579E-0003  3.897066E-0004
  1.271229E-0002  9.281197E-0003  1.314831E-0003  6.663986E-0003  1.108233E-0002  6.464827E-0003  1.292650E-0003  0.000000E+0000  9.486051E-0003  2.020737E-0002  9.336809E-0003
  1.766766E-0003  3.282240E-0003  3.830746E-0004  7.092503E-0003  1.869019E-0003  5.028906E-0003  1.134705E-0003  9.486051E-0003  0.000000E+0000  7.897232E-0003  7.718039E-0003
  5.561553E-0003  7.171670E-0003  1.366390E-0003  5.311784E-0003  6.130969E-0003  9.567119E-0003  2.320579E-0003  2.020737E-0002  7.897232E-0003  0.000000E+0000  1.626628E-0002
  6.933181E-0003  4.724257E-0003  7.702702E-0004  7.195850E-0003  3.617542E-0003  1.387338E-0002  3.897066E-0004  9.336809E-0003  7.718039E-0003  1.626628E-0002  0.000000E+0000

  0.000000E+0000  3.429531E-0003  6.910585E-0004  1.049110E-0002  5.115063E-0003  4.054490E-0003  1.488718E-0003  4.513366E-0003  5.995606E-0003  1.531589E-0002  1.459363E-0002
  3.429531E-0003  0.000000E+0000  2.576298E-0004  4.845039E-0003  4.073391E-0003  4.504940E-0003  1.070324E-0003  1.837099E-0003  2.791753E-0003  4.595955E-0003  7.196400E-0003
  6.910585E-0004  2.576298E-0004  0.000000E+0000  1.491409E-0003  1.139186E-0003  2.099395E-0003  3.350730E-0004  5.308350E-0004  6.107701E-0004  6.540868E-0004  2.912940E-0003
  1.049110E-0002  4.845039E-0003  1.491409E-0003  0.000000E+0000  1.217017E-0002  4.423392E-0003  7.192352E-0004  1.035445E-0002  8.819952E-0003  6.552106E-0003  7.372434E-0003
  5.115063E-0003  4.073391E-0003  1.139186E-0003  1.217017E-0002  0.000000E+0000  5.453646E-0003  1.660474E-0003  3.312492E-0003  6.824388E-0003  1.762992E-0002  1.531708E-0002
  4.054490E-0003  4.504940E-0003  2.099395E-0003  4.423392E-0003  5.453646E-0003  0.000000E+0000  5.919292E-0004  8.524165E-0003  6.207122E-0003  1.836984E-0002  4.590079E-0003
  1.488718E-0003  1.070324E-0003  3.350730E-0004  7.192352E-0004  1.660474E-0003  5.919292E-0004  0.000000E+0000  2.068801E-0003  1.711875E-0003  2.501395E-0003  7.338994E-0004
  4.513366E-0003  1.837099E-0003  5.308350E-0004  1.035445E-0002  3.312492E-0003  8.524165E-0003  2.068801E-0003  0.000000E+0000  5.320761E-0003  1.177391E-0002  1.587102E-0002
  5.995606E-0003  2.791753E-0003  6.107701E-0004  8.819952E-0003  6.824388E-0003  6.207122E-0003  1.711875E-0003  5.320761E-0003  0.000000E+0000  9.086522E-0003  1.288811E-0002
  1.531589E-0002  4.595955E-0003  6.540868E-0004  6.552106E-0003  1.762992E-0002  1.836984E-0002  2.501395E-0003  1.177391E-0002  9.086522E-0003  0.000000E+0000  1.815468E-0002
  1.459363E-0002  7.196400E-0003  2.912940E-0003  7.372434E-0003  1.531708E-0002  4.590079E-0003  7.338994E-0004  1.587102E-0002  1.288811E-0002  1.815468E-0002  0.000000E+0000

  0.000000E+0000  7.412594E-0005  1.328542E-0003  1.032410E-0002  7.649897E-0004  1.374943E-0002  2.719623E-0003  2.734855E-0003  2.667307E-0003  1.361908E-0002  5.171678E-0003
  7.412594E-0005  0.000000E+0000  3.210985E-0004  2.086730E-0003  4.068042E-0004  2.739148E-0003  4.764423E-0004  7.478108E-0004  4.496792E-0004  2.518603E-0003  8.367297E-0004
  1.328542E-0003  3.210985E-0004  0.000000E+0000  1.007527E-0003  2.713226E-0003  1.472516E-0003  2.062848E-0004  2.362554E-0003  2.243113E-0004  1.959003E-0003  8.539560E-0004
  1.032410E-0002  2.086730E-0003  1.007527E-0003  0.000000E+0000  2.006579E-0002  1.403519E-0002  4.830049E-0003  2.692533E-0002  5.138749E-0003  2.305142E-0002  1.557224E-0002
  7.649897E-0004  4.068042E-0004  2.713226E-0003  2.006579E-0002  0.000000E+0000  2.764747E-0002  7.068109E-0003  1.904322E-0003  5.662900E-0003  2.938229E-0002  1.332966E-0002
  1.374943E-0002  2.739148E-0003  1.472516E-0003  1.403519E-0002  2.764747E-0002  0.000000E+0000  3.509324E-0003  3.087339E-0002  3.193225E-0003  3.189143E-0002  1.737658E-0002
  2.719623E-0003  4.764423E-0004  2.062848E-0004  4.830049E-0003  7.068109E-0003  3.509324E-0003  0.000000E+0000  7.201989E-0003  5.877261E-0004  1.331059E-0003  3.210199E-0003
  2.734855E-0003  7.478108E-0004  2.362554E-0003  2.692533E-0002  1.904322E-0003  3.087339E-0002  7.201989E-0003  0.000000E+0000  7.399798E-0003  3.129981E-0002  9.669903E-0003
  2.667307E-0003  4.496792E-0004  2.243113E-0004  5.138749E-0003  5.662900E-0003  3.193225E-0003  5.877261E-0004  7.399798E-0003  0.000000E+0000  2.513803E-0003  3.534648E-0003
  1.361908E-0002  2.518603E-0003  1.959003E-0003  2.305142E-0002  2.938229E-0002  3.189143E-0002  1.331059E-0003  3.129981E-0002  2.513803E-0003  0.000000E+0000  1.321172E-0002
  5.171678E-0003  8.367297E-0004  8.539560E-0004  1.557224E-0002  1.332966E-0002  1.737658E-0002  3.210199E-0003  9.669903E-0003  3.534648E-0003  1.321172E-0002  0.000000E+0000

  0.000000E+0000  5.534844E-0004  2.231485E-0003  1.895431E-0002  5.795888E-0003  2.059566E-0002  4.784825E-0003  6.848716E-0003  5.451715E-0003  1.779161E-0002  5.584239E-0003
  5.534844E-0004  0.000000E+0000  3.542945E-0004  3.797111E-0003  1.271532E-0003  3.998021E-0003  1.463886E-0003  1.781120E-0003  1.700454E-0003  6.997739E-0003  2.488755E-0003
  2.231485E-0003  3.542945E-0004  0.000000E+0000  2.270103E-0003  1.731542E-0002  1.234547E-0002  9.192602E-0004  9.125647E-0003  1.613545E-0003  4.821029E-0003  3.644953E-0003
  1.895431E-0002  3.797111E-0003  2.270103E-0003  0.000000E+0000  1.751778E-0001  7.007339E-0002  8.126402E-0003  1.295771E-0001  1.198686E-0002  4.609186E-0002  4.940305E-0002
  5.795888E-0003  1.271532E-0003  1.731542E-0002  1.751778E-0001  0.000000E+0000  1.941676E-0001  5.260409E-0002  2.464183E-0002  5.745404E-0002  1.963974E-0001  7.896021E-0002
  2.059566E-0002  3.998021E-0003  1.234547E-0002  7.007339E-0002  1.941676E-0001  0.000000E+0000  2.496710E-0002  1.233734E-0001  1.881089E-0002  1.031425E-0001  5.713116E-0002
  4.784825E-0003  1.463886E-0003  9.192602E-0004  8.126402E-0003  5.260409E-0002  2.496710E-0002  0.000000E+0000  3.142149E-0002  2.939095E-0003  8.279134E-0003  1.572015E-0002
  6.848716E-0003  1.781120E-0003  9.125647E-0003  1.295771E-0001  2.464183E-0002  1.233734E-0001  3.142149E-0002  0.000000E+0000  3.939839E-0002  1.224099E-0001  3.925125E-0002
  5.451715E-0003  1.700454E-0003  1.613545E-0003  1.198686E-0002  5.745404E-0002  1.881089E-0002  2.939095E-0003  3.939839E-0002  0.000000E+0000  6.987120E-0003  1.855019E-0002
  1.779161E-0002  6.997739E-0003  4.821029E-0003  4.609186E-0002  1.963974E-0001  1.031425E-0001  8.279134E-0003  1.224099E-0001  6.987120E-0003  0.000000E+0000  5.286323E-0002
  5.584239E-0003  2.488755E-0003  3.644953E-0003  4.940305E-0002  7.896021E-0002  5.713116E-0002  1.572015E-0002  3.925125E-0002  1.855019E-0002  5.286323E-0002  0.000000E+0000

  0.000000E+0000  5.807075E-0004  1.788981E-0004  4.662036E-0003  2.469437E-0003  6.731830E-0003  3.118417E-0004  2.623572E-0003  1.603767E-0003  4.512408E-0003  2.980503E-0003
  5.807075E-0004  0.000000E+0000  3.554020E-0005  2.770428E-0004  1.138703E-0003  2.953794E-0004  4.257746E-0005  1.942964E-0003  2.104868E-0004  9.989182E-0004  1.052880E-0003
  1.788981E-0004  3.554020E-0005  0.000000E+0000  8.573377E-0005  4.500808E-0004  7.640793E-0005  4.643869E-0005  2.572854E-0004  9.838421E-0005  2.783808E-0004  1.540655E-0004
  4.662036E-0003  2.770428E-0004  8.573377E-0005  0.000000E+0000  1.085800E-0002  8.009874E-0003  1.321907E-0003  1.723599E-0002  3.526928E-0003  7.453678E-0003  5.362523E-0003
  2.469437E-0003  1.138703E-0003  4.500808E-0004  1.085800E-0002  0.000000E+0000  1.661455E-0002  1.183748E-0003  1.053217E-0002  4.015287E-0003  1.202042E-0002  9.038114E-0003
  6.731830E-0003  2.953794E-0004  7.640793E-0005  8.009874E-0003  1.661455E-0002  0.000000E+0000  1.859284E-0003  2.531653E-0002  4.051167E-0003  1.374513E-0002  9.223988E-0003
  3.118417E-0004  4.257746E-0005  4.643869E-0005  1.321907E-0003  1.183748E-0003  1.859284E-0003  0.000000E+0000  1.013083E-0003  1.391907E-0004  9.154539E-0004  1.342113E-0003
  2.623572E-0003  1.942964E-0003  2.572854E-0004  1.723599E-0002  1.053217E-0002  2.531653E-0002  1.013083E-0003  0.000000E+0000  3.538064E-0003  1.776441E-0002  8.094462E-0003
  1.603767E-0003  2.104868E-0004  9.838421E-0005  3.526928E-0003  4.015287E-0003  4.051167E-0003  1.391907E-0004  3.538064E-0003  0.000000E+0000  2.431215E-0003  2.566387E-0003
  4.512408E-0003  9.989182E-0004  2.783808E-0004  7.453678E-0003  1.202042E-0002  1.374513E-0002  9.154539E-0004  1.776441E-0002  2.431215E-0003  0.000000E+0000  9.874430E-0003
  2.980503E-0003  1.052880E-0003  1.540655E-0004  5.362523E-0003  9.038114E-0003  9.223988E-0003  1.342113E-0003  8.094462E-0003  2.566387E-0003  9.874430E-0003  0.000000E+0000

  0.000000E+0000  2.412866E-0003  4.745552E-0004  5.605080E-0003  5.562059E-0003  6.536206E-0003  8.556234E-0004  4.870966E-0003  3.504937E-0003  9.117558E-0003  6.383761E-0003
  2.412866E-0003  0.000000E+0000  3.581139E-0004  6.058589E-0004  3.833233E-0003  1.523809E-0003  2.090454E-0004  2.837608E-0003  1.222002E-0003  2.404368E-0003  1.058020E-0003
  4.745552E-0004  3.581139E-0004  0.000000E+0000  7.162581E-0004  4.260963E-0004  1.182182E-0003  2.715754E-0005  6.552527E-0004  1.924197E-0004  1.410703E-0003  7.288555E-0004
  5.605080E-0003  6.058589E-0004  7.162581E-0004  0.000000E+0000  4.338086E-0003  4.132278E-0003  4.984708E-0004  5.736835E-0003  2.970194E-0003  3.556957E-0003  4.149645E-0003
  5.562059E-0003  3.833233E-0003  4.260963E-0004  4.338086E-0003  0.000000E+0000  7.289082E-0003  7.969455E-0004  6.071331E-0003  3.424862E-0003  1.232874E-0002  4.679966E-0003
  6.536206E-0003  1.523809E-0003  1.182182E-0003  4.132278E-0003  7.289082E-0003  0.000000E+0000  9.735772E-0004  1.192231E-0002  2.970245E-0003  5.406794E-0003  7.293681E-0003
  8.556234E-0004  2.090454E-0004  2.715754E-0005  4.984708E-0004  7.969455E-0004  9.735772E-0004  0.000000E+0000  7.411512E-0004  4.775092E-0004  4.427449E-0004  3.184752E-0004
  4.870966E-0003  2.837608E-0003  6.552527E-0004  5.736835E-0003  6.071331E-0003  1.192231E-0002  7.411512E-0004  0.000000E+0000  3.476339E-0003  1.258218E-0002  9.462534E-0003
  3.504937E-0003  1.222002E-0003  1.924197E-0004  2.970194E-0003  3.424862E-0003  2.970245E-0003  4.775092E-0004  3.476339E-0003  0.000000E+0000  5.170643E-0003  3.744186E-0003
  9.117558E-0003  2.404368E-0003  1.410703E-0003  3.556957E-0003  1.232874E-0002  5.406794E-0003  4.427449E-0004  1.258218E-0002  5.170643E-0003  0.000000E+0000  6.715248E-0003
  6.383761E-0003  1.058020E-0003  7.288555E-0004  4.149645E-0003  4.679966E-0003  7.293681E-0003  3.184752E-0004  9.462534E-0003  3.744186E-0003  6.715248E-0003  0.000000E+0000
