6661999 = Ignore first line (new format code)
File name: E:\Folders\PhD\ISAD\ISAD_Curry_data\ISAD_EEGs\eLORETA\EEGs_128Hz_200sec-window\Clinical_v_Healthy\T1_healthy_all\H28-ROIlinLagConn-crss.txt
1 = Number of time frames in Time X Frequency decomposition
3 = Number of EEG files
11 = Number Electrodes
25600 = Number of time frames in EEG files
32768 = Number of time frames in EEG files power of 2
7 = Number of matrices
5 = Band type (1=Classical1; 2=Classical2; 3=DiscreteFreqs; 4=AllDiscreteFreqs; 5=UserDefinedBands)
 1.280000E+0002 = Sampling rate Hz
-1.000000E+0002 = Freq1 Hz
-1.000000E+0002 = Freq2 Hz
 3.906250E-0003 = Frequency resolution Hz

  0.000000E+0000  2.873476E-0002  7.561588E-0003  3.132955E-0002  1.974501E-0002  4.655374E-0002  6.813951E-0002  5.868413E-0002  3.077175E-0002  7.778423E-0002  1.275602E-0001
  2.873476E-0002  0.000000E+0000  1.851575E-0003  1.284051E-0002  3.660612E-0002  1.528578E-0002  4.438334E-0002  2.652852E-0002  1.832079E-0002  2.233081E-0002  7.931175E-0002
  7.561588E-0003  1.851575E-0003  0.000000E+0000  1.793049E-0002  1.111674E-0002  4.889768E-0003  2.453748E-0002  1.453001E-0002  8.004404E-0003  1.692162E-0002  4.134508E-0002
  3.132955E-0002  1.284051E-0002  1.793049E-0002  0.000000E+0000  1.409720E-0001  3.763137E-0002  8.179525E-0002  1.094860E-0001  7.318341E-0002  5.960003E-0002  2.234027E-0001
  1.974501E-0002  3.660612E-0002  1.111674E-0002  1.409720E-0001  0.000000E+0000  7.954042E-0002  6.163550E-0002  4.742552E-0002  3.691012E-0002  1.268599E-0001  1.713754E-0001
  4.655374E-0002  1.528578E-0002  4.889768E-0003  3.763137E-0002  7.954042E-0002  0.000000E+0000  3.184585E-0002  7.870224E-0002  6.249883E-0002  1.123948E-0001  1.292747E-0001
  6.813951E-0002  4.438334E-0002  2.453748E-0002  8.179525E-0002  6.163550E-0002  3.184585E-0002  0.000000E+0000  1.061023E-0001  1.018958E-0001  8.293326E-0002  1.427890E-0001
  5.868413E-0002  2.652852E-0002  1.453001E-0002  1.094860E-0001  4.742552E-0002  7.870224E-0002  1.061023E-0001  0.000000E+0000  1.057696E-0001  1.066933E-0001  2.667175E-0001
  3.077175E-0002  1.832079E-0002  8.004404E-0003  7.318341E-0002  3.691012E-0002  6.249883E-0002  1.018958E-0001  1.057696E-0001  0.000000E+0000  1.159991E-0001  2.251951E-0001
  7.778423E-0002  2.233081E-0002  1.692162E-0002  5.960003E-0002  1.268599E-0001  1.123948E-0001  8.293326E-0002  1.066933E-0001  1.159991E-0001  0.000000E+0000  2.061207E-0001
  1.275602E-0001  7.931175E-0002  4.134508E-0002  2.234027E-0001  1.713754E-0001  1.292747E-0001  1.427890E-0001  2.667175E-0001  2.251951E-0001  2.061207E-0001  0.000000E+0000

  0.000000E+0000  5.084418E-0003  5.724406E-0003  1.455918E-0002  2.235557E-0002  3.744252E-0002  1.677840E-0002  2.048523E-0002  1.713562E-0002  1.737779E-0002  8.584390E-0003
  5.084418E-0003  0.000000E+0000  1.881456E-0003  5.809186E-0003  6.886966E-0003  1.339028E-0002  7.216603E-0003  5.814380E-0003  3.281569E-0003  1.077481E-0002  1.456141E-0002
  5.724406E-0003  1.881456E-0003  0.000000E+0000  3.049213E-0003  4.263705E-0003  5.746006E-0003  1.810309E-0003  4.294336E-0003  5.313289E-0003  7.658659E-0003  4.592115E-0003
  1.455918E-0002  5.809186E-0003  3.049213E-0003  0.000000E+0000  1.374708E-0002  4.513928E-0002  9.339544E-0003  1.814855E-0002  1.578538E-0002  5.037246E-0002  2.128364E-0002
  2.235557E-0002  6.886966E-0003  4.263705E-0003  1.374708E-0002  0.000000E+0000  2.380439E-0002  9.679703E-0003  3.536025E-0002  1.819835E-0002  6.560675E-0003  1.047175E-0002
  3.744252E-0002  1.339028E-0002  5.746006E-0003  4.513928E-0002  2.380439E-0002  0.000000E+0000  1.361311E-0002  7.204150E-0002  4.161926E-0002  2.191590E-0002  3.064537E-0002
  1.677840E-0002  7.216603E-0003  1.810309E-0003  9.339544E-0003  9.679703E-0003  1.361311E-0002  0.000000E+0000  1.452757E-0002  9.961871E-0003  8.417691E-0003  1.256060E-0002
  2.048523E-0002  5.814380E-0003  4.294336E-0003  1.814855E-0002  3.536025E-0002  7.204150E-0002  1.452757E-0002  0.000000E+0000  1.509223E-0002  4.024149E-0002  2.544107E-0002
  1.713562E-0002  3.281569E-0003  5.313289E-0003  1.578538E-0002  1.819835E-0002  4.161926E-0002  9.961871E-0003  1.509223E-0002  0.000000E+0000  1.683313E-0002  9.376834E-0003
  1.737779E-0002  1.077481E-0002  7.658659E-0003  5.037246E-0002  6.560675E-0003  2.191590E-0002  8.417691E-0003  4.024149E-0002  1.683313E-0002  0.000000E+0000  1.399525E-0002
  8.584390E-0003  1.456141E-0002  4.592115E-0003  2.128364E-0002  1.047175E-0002  3.064537E-0002  1.256060E-0002  2.544107E-0002  9.376834E-0003  1.399525E-0002  0.000000E+0000

  0.000000E+0000  2.039766E-0003  6.495523E-0004  6.342831E-0003  1.788998E-0003  6.650400E-0003  3.158881E-0003  4.160510E-0003  2.687673E-0003  4.524513E-0003  3.346713E-0003
  2.039766E-0003  0.000000E+0000  9.700563E-0004  1.742191E-0003  1.904467E-0003  3.804427E-0003  2.594566E-0003  3.360606E-0003  1.412290E-0003  1.031517E-0003  2.467494E-0003
  6.495523E-0004  9.700563E-0004  0.000000E+0000  6.291149E-0004  3.486447E-0004  2.020436E-0003  4.994771E-0004  6.661110E-0004  3.324029E-0004  2.167585E-0003  1.384835E-0003
  6.342831E-0003  1.742191E-0003  6.291149E-0004  0.000000E+0000  2.578079E-0003  7.769984E-0003  3.967286E-0003  3.439834E-0003  1.978515E-0003  1.087152E-0002  1.301810E-0002
  1.788998E-0003  1.904467E-0003  3.486447E-0004  2.578079E-0003  0.000000E+0000  3.879771E-0003  1.298360E-0003  1.410805E-0003  8.042586E-0004  7.602762E-0003  4.051754E-0003
  6.650400E-0003  3.804427E-0003  2.020436E-0003  7.769984E-0003  3.879771E-0003  0.000000E+0000  7.482899E-0003  1.059771E-0002  5.131453E-0003  2.627021E-0003  5.243463E-0003
  3.158881E-0003  2.594566E-0003  4.994771E-0004  3.967286E-0003  1.298360E-0003  7.482899E-0003  0.000000E+0000  3.151093E-0003  1.234377E-0003  9.211279E-0003  3.379938E-0003
  4.160510E-0003  3.360606E-0003  6.661110E-0004  3.439834E-0003  1.410805E-0003  1.059771E-0002  3.151093E-0003  0.000000E+0000  3.072765E-0003  1.154985E-0002  5.674355E-0003
  2.687673E-0003  1.412290E-0003  3.324029E-0004  1.978515E-0003  8.042586E-0004  5.131453E-0003  1.234377E-0003  3.072765E-0003  0.000000E+0000  2.059556E-0003  4.112677E-0003
  4.524513E-0003  1.031517E-0003  2.167585E-0003  1.087152E-0002  7.602762E-0003  2.627021E-0003  9.211279E-0003  1.154985E-0002  2.059556E-0003  0.000000E+0000  8.939615E-0003
  3.346713E-0003  2.467494E-0003  1.384835E-0003  1.301810E-0002  4.051754E-0003  5.243463E-0003  3.379938E-0003  5.674355E-0003  4.112677E-0003  8.939615E-0003  0.000000E+0000

  0.000000E+0000  6.432777E-0004  6.865831E-0005  1.725396E-0003  2.546206E-0004  1.257550E-0003  5.367701E-0004  5.219232E-0004  1.291687E-0003  9.217329E-0004  1.251425E-0003
  6.432777E-0004  0.000000E+0000  2.350394E-0004  1.718147E-0003  8.845577E-0004  1.486886E-0003  6.499498E-0004  6.508140E-0004  5.125867E-0004  7.441639E-0004  1.382570E-0003
  6.865831E-0005  2.350394E-0004  0.000000E+0000  1.032986E-0004  1.861713E-0004  4.173654E-0004  2.275053E-0004  1.402478E-0004  3.805232E-0005  2.713805E-0004  2.978589E-0004
  1.725396E-0003  1.718147E-0003  1.032986E-0004  0.000000E+0000  4.319008E-0004  1.047451E-0003  1.333079E-0003  1.554191E-0003  5.328018E-0004  1.606140E-0003  3.523889E-0003
  2.546206E-0004  8.845577E-0004  1.861713E-0004  4.319008E-0004  0.000000E+0000  8.325542E-0004  5.973891E-0004  7.258522E-0004  6.784316E-0004  1.206429E-0003  1.565756E-0003
  1.257550E-0003  1.486886E-0003  4.173654E-0004  1.047451E-0003  8.325542E-0004  0.000000E+0000  2.079657E-0003  4.337140E-0003  1.774236E-0003  1.689618E-0003  7.141383E-0004
  5.367701E-0004  6.499498E-0004  2.275053E-0004  1.333079E-0003  5.973891E-0004  2.079657E-0003  0.000000E+0000  8.002340E-0004  6.254019E-0004  3.442701E-0003  1.265878E-0003
  5.219232E-0004  6.508140E-0004  1.402478E-0004  1.554191E-0003  7.258522E-0004  4.337140E-0003  8.002340E-0004  0.000000E+0000  2.098072E-0003  3.141565E-0003  2.162595E-0003
  1.291687E-0003  5.125867E-0004  3.805232E-0005  5.328018E-0004  6.784316E-0004  1.774236E-0003  6.254019E-0004  2.098072E-0003  0.000000E+0000  1.709044E-0004  1.315132E-0003
  9.217329E-0004  7.441639E-0004  2.713805E-0004  1.606140E-0003  1.206429E-0003  1.689618E-0003  3.442701E-0003  3.141565E-0003  1.709044E-0004  0.000000E+0000  4.371602E-0003
  1.251425E-0003  1.382570E-0003  2.978589E-0004  3.523889E-0003  1.565756E-0003  7.141383E-0004  1.265878E-0003  2.162595E-0003  1.315132E-0003  4.371602E-0003  0.000000E+0000

  0.000000E+0000  5.628116E-0003  6.244865E-0003  5.492262E-0002  8.359384E-0003  1.015963E-0001  1.053394E-0001  3.398407E-0002  2.275192E-0002  1.110821E-0001  3.545071E-0001
  5.628116E-0003  0.000000E+0000  9.738731E-0004  8.476111E-0003  3.028927E-0003  1.059659E-0002  9.251314E-0003  7.972248E-0003  4.861619E-0003  9.717952E-0003  1.627414E-0002
  6.244865E-0003  9.738731E-0004  0.000000E+0000  2.956222E-0003  4.758873E-0003  1.369435E-0002  1.595657E-0002  5.093950E-0003  7.067761E-0003  1.021734E-0002  3.633099E-0002
  5.492262E-0002  8.476111E-0003  2.956222E-0003  0.000000E+0000  4.372150E-0002  9.232859E-0002  8.053736E-0002  3.056306E-0002  7.684531E-0002  1.067830E-0001  3.883529E-0001
  8.359384E-0003  3.028927E-0003  4.758873E-0003  4.372150E-0002  0.000000E+0000  1.285580E-0001  9.436585E-0002  3.213658E-0002  2.188722E-0002  8.974455E-0002  2.269394E-0001
  1.015963E-0001  1.059659E-0002  1.369435E-0002  9.232859E-0002  1.285580E-0001  0.000000E+0000  1.260714E-0001  1.245800E-0001  1.198990E-0001  4.156603E-0002  3.424975E-0001
  1.053394E-0001  9.251314E-0003  1.595657E-0002  8.053736E-0002  9.436585E-0002  1.260714E-0001  0.000000E+0000  9.308781E-0002  1.285501E-0001  1.041876E-0001  2.182674E-0001
  3.398407E-0002  7.972248E-0003  5.093950E-0003  3.056306E-0002  3.213658E-0002  1.245800E-0001  9.308781E-0002  0.000000E+0000  5.555582E-0002  9.358510E-0002  3.528156E-0001
  2.275192E-0002  4.861619E-0003  7.067761E-0003  7.684531E-0002  2.188722E-0002  1.198990E-0001  1.285501E-0001  5.555582E-0002  0.000000E+0000  1.454826E-0001  4.162330E-0001
  1.110821E-0001  9.717952E-0003  1.021734E-0002  1.067830E-0001  8.974455E-0002  4.156603E-0002  1.041876E-0001  9.358510E-0002  1.454826E-0001  0.000000E+0000  3.569690E-0001
  3.545071E-0001  1.627414E-0002  3.633099E-0002  3.883529E-0001  2.269394E-0001  3.424975E-0001  2.182674E-0001  3.528156E-0001  4.162330E-0001  3.569690E-0001  0.000000E+0000

  0.000000E+0000  1.661463E-0003  1.523398E-0003  1.638910E-0002  5.347924E-0004  1.080380E-0002  9.244821E-0003  4.620859E-0003  2.258072E-0003  1.898167E-0002  2.147076E-0002
  1.661463E-0003  0.000000E+0000  8.113689E-0004  2.668218E-0003  2.787114E-0003  3.204035E-0003  2.368450E-0003  3.150010E-0003  1.078334E-0003  2.602592E-0003  1.520701E-0003
  1.523398E-0003  8.113689E-0004  0.000000E+0000  4.854898E-0003  2.050176E-0003  3.176534E-0003  2.493520E-0003  2.077388E-0003  1.395568E-0003  7.138185E-0003  3.628931E-0003
  1.638910E-0002  2.668218E-0003  4.854898E-0003  0.000000E+0000  1.870505E-0002  1.589958E-0002  2.323358E-0002  2.210404E-0002  1.536348E-0002  1.983440E-0002  1.454375E-0002
  5.347924E-0004  2.787114E-0003  2.050176E-0003  1.870505E-0002  0.000000E+0000  6.243699E-0003  5.003370E-0003  3.021830E-0003  1.125304E-0003  2.122178E-0002  9.471722E-0003
  1.080380E-0002  3.204035E-0003  3.176534E-0003  1.589958E-0002  6.243699E-0003  0.000000E+0000  1.174942E-0002  1.218476E-0002  1.025490E-0002  1.545615E-0002  4.952508E-0003
  9.244821E-0003  2.368450E-0003  2.493520E-0003  2.323358E-0002  5.003370E-0003  1.174942E-0002  0.000000E+0000  1.096466E-0002  9.178330E-0003  3.011109E-0002  1.499614E-0002
  4.620859E-0003  3.150010E-0003  2.077388E-0003  2.210404E-0002  3.021830E-0003  1.218476E-0002  1.096466E-0002  0.000000E+0000  5.474010E-0003  3.506305E-0002  1.484604E-0002
  2.258072E-0003  1.078334E-0003  1.395568E-0003  1.536348E-0002  1.125304E-0003  1.025490E-0002  9.178330E-0003  5.474010E-0003  0.000000E+0000  1.742808E-0002  2.092859E-0002
  1.898167E-0002  2.602592E-0003  7.138185E-0003  1.983440E-0002  2.122178E-0002  1.545615E-0002  3.011109E-0002  3.506305E-0002  1.742808E-0002  0.000000E+0000  6.310162E-0003
  2.147076E-0002  1.520701E-0003  3.628931E-0003  1.454375E-0002  9.471722E-0003  4.952508E-0003  1.499614E-0002  1.484604E-0002  2.092859E-0002  6.310162E-0003  0.000000E+0000

  0.000000E+0000  5.163758E-0004  3.527671E-0004  5.180883E-0003  1.393155E-0003  8.059706E-0003  5.402747E-0004  4.004898E-0003  1.582388E-0003  7.976147E-0003  1.774790E-0003
  5.163758E-0004  0.000000E+0000  3.512505E-0004  6.250116E-0004  5.506239E-0004  5.772753E-0004  9.689454E-0004  1.509385E-0003  3.659067E-0004  1.448994E-0004  3.426388E-0004
  3.527671E-0004  3.512505E-0004  0.000000E+0000  3.549220E-0004  2.152336E-0004  1.035316E-0003  2.298285E-0004  5.779084E-0004  3.750594E-0004  1.110159E-0003  2.821508E-0004
  5.180883E-0003  6.250116E-0004  3.549220E-0004  0.000000E+0000  1.171867E-0003  6.761869E-0003  1.335350E-0003  2.449416E-0003  6.601888E-0003  7.996881E-0003  1.414954E-0003
  1.393155E-0003  5.506239E-0004  2.152336E-0004  1.171867E-0003  0.000000E+0000  1.761830E-0003  4.980642E-0004  1.549883E-0003  8.378419E-0004  1.569332E-0003  1.070779E-0003
  8.059706E-0003  5.772753E-0004  1.035316E-0003  6.761869E-0003  1.761830E-0003  0.000000E+0000  1.780241E-0003  1.099353E-0002  7.759080E-0003  1.455329E-0003  4.825396E-0003
  5.402747E-0004  9.689454E-0004  2.298285E-0004  1.335350E-0003  4.980642E-0004  1.780241E-0003  0.000000E+0000  4.965179E-0004  4.216798E-0004  4.510795E-0003  6.388031E-0004
  4.004898E-0003  1.509385E-0003  5.779084E-0004  2.449416E-0003  1.549883E-0003  1.099353E-0002  4.965179E-0004  0.000000E+0000  3.651061E-0003  1.054284E-0002  6.959950E-0004
  1.582388E-0003  3.659067E-0004  3.750594E-0004  6.601888E-0003  8.378419E-0004  7.759080E-0003  4.216798E-0004  3.651061E-0003  0.000000E+0000  8.998998E-0003  2.326363E-0003
  7.976147E-0003  1.448994E-0004  1.110159E-0003  7.996881E-0003  1.569332E-0003  1.455329E-0003  4.510795E-0003  1.054284E-0002  8.998998E-0003  0.000000E+0000  3.994994E-0003
  1.774790E-0003  3.426388E-0004  2.821508E-0004  1.414954E-0003  1.070779E-0003  4.825396E-0003  6.388031E-0004  6.959950E-0004  2.326363E-0003  3.994994E-0003  0.000000E+0000
