6661999 = Ignore first line (new format code)
File name: E:\Folders\PhD\ISAD\ISAD_Curry_data\ISAD_EEGs\eLORETA\EEGs_128Hz_200sec-window\Clinical_v_Healthy\T1_healthy_all\H3-ROIlinLagConn-crss.txt
1 = Number of time frames in Time X Frequency decomposition
3 = Number of EEG files
11 = Number Electrodes
25600 = Number of time frames in EEG files
32768 = Number of time frames in EEG files power of 2
7 = Number of matrices
5 = Band type (1=Classical1; 2=Classical2; 3=DiscreteFreqs; 4=AllDiscreteFreqs; 5=UserDefinedBands)
 1.280000E+0002 = Sampling rate Hz
-1.000000E+0002 = Freq1 Hz
-1.000000E+0002 = Freq2 Hz
 3.906250E-0003 = Frequency resolution Hz

  0.000000E+0000  1.463626E-0002  3.395849E-0003  4.212116E-0002  6.226699E-0002  2.254772E-0002  1.041331E-0002  2.852529E-0002  3.959672E-0003  3.174252E-0002  4.155683E-0002
  1.463626E-0002  0.000000E+0000  4.644589E-0003  1.218805E-0002  8.132519E-0003  1.375825E-0002  3.145853E-0002  1.018306E-0002  8.680843E-0004  1.843786E-0002  2.669313E-0002
  3.395849E-0003  4.644589E-0003  0.000000E+0000  4.693486E-0003  7.141347E-0003  8.391804E-0003  1.175501E-0003  1.058092E-0002  1.678155E-0003  9.347021E-0003  2.500974E-0003
  4.212116E-0002  1.218805E-0002  4.693486E-0003  0.000000E+0000  4.739155E-0002  6.913055E-0002  5.706530E-0002  4.921327E-0002  6.371440E-0003  9.596862E-0002  6.951262E-0002
  6.226699E-0002  8.132519E-0003  7.141347E-0003  4.739155E-0002  0.000000E+0000  5.896263E-0002  4.652927E-0002  2.212358E-0002  1.611819E-0003  9.583890E-0002  6.777888E-0002
  2.254772E-0002  1.375825E-0002  8.391804E-0003  6.913055E-0002  5.896263E-0002  0.000000E+0000  1.981901E-0002  3.742377E-0002  4.585367E-0003  4.208338E-0002  2.800179E-0002
  1.041331E-0002  3.145853E-0002  1.175501E-0003  5.706530E-0002  4.652927E-0002  1.981901E-0002  0.000000E+0000  4.160735E-0002  4.523501E-0003  6.080918E-0002  3.181591E-0002
  2.852529E-0002  1.018306E-0002  1.058092E-0002  4.921327E-0002  2.212358E-0002  3.742377E-0002  4.160735E-0002  0.000000E+0000  1.807298E-0003  3.942281E-0002  4.288227E-0002
  3.959672E-0003  8.680843E-0004  1.678155E-0003  6.371440E-0003  1.611819E-0003  4.585367E-0003  4.523501E-0003  1.807298E-0003  0.000000E+0000  2.949146E-0003  4.171094E-0003
  3.174252E-0002  1.843786E-0002  9.347021E-0003  9.596862E-0002  9.583890E-0002  4.208338E-0002  6.080918E-0002  3.942281E-0002  2.949146E-0003  0.000000E+0000  4.991222E-0002
  4.155683E-0002  2.669313E-0002  2.500974E-0003  6.951262E-0002  6.777888E-0002  2.800179E-0002  3.181591E-0002  4.288227E-0002  4.171094E-0003  4.991222E-0002  0.000000E+0000

  0.000000E+0000  3.753912E-0004  1.601073E-0003  3.565507E-0003  6.251625E-0003  1.854444E-0003  1.049490E-0002  1.573026E-0003  3.234014E-0003  1.924619E-0003  1.782528E-0002
  3.753912E-0004  0.000000E+0000  3.372680E-0004  1.654355E-0003  1.354806E-0003  1.643216E-0003  2.703530E-0003  5.300639E-0004  1.390074E-0004  1.264377E-0003  4.930976E-0003
  1.601073E-0003  3.372680E-0004  0.000000E+0000  1.693697E-0003  3.033974E-0003  1.040224E-0003  4.850425E-0003  9.692348E-0004  3.587730E-0004  1.267629E-0003  3.057630E-0003
  3.565507E-0003  1.654355E-0003  1.693697E-0003  0.000000E+0000  5.226051E-0003  1.154856E-0002  4.216546E-0003  8.005865E-0003  1.091892E-0003  8.363389E-0003  7.605163E-0003
  6.251625E-0003  1.354806E-0003  3.033974E-0003  5.226051E-0003  0.000000E+0000  1.324170E-0002  6.848534E-0003  9.212277E-0003  1.326905E-0003  1.396138E-0002  2.184900E-0002
  1.854444E-0003  1.643216E-0003  1.040224E-0003  1.154856E-0002  1.324170E-0002  0.000000E+0000  1.096539E-0002  4.437724E-0003  2.932368E-0003  8.127403E-0003  2.252948E-0002
  1.049490E-0002  2.703530E-0003  4.850425E-0003  4.216546E-0003  6.848534E-0003  1.096539E-0002  0.000000E+0000  7.702350E-0003  1.951289E-0003  1.066093E-0002  3.139491E-0002
  1.573026E-0003  5.300639E-0004  9.692348E-0004  8.005865E-0003  9.212277E-0003  4.437724E-0003  7.702350E-0003  0.000000E+0000  9.712063E-0004  2.586858E-0003  1.485151E-0002
  3.234014E-0003  1.390074E-0004  3.587730E-0004  1.091892E-0003  1.326905E-0003  2.932368E-0003  1.951289E-0003  9.712063E-0004  0.000000E+0000  2.023385E-0003  5.019168E-0003
  1.924619E-0003  1.264377E-0003  1.267629E-0003  8.363389E-0003  1.396138E-0002  8.127403E-0003  1.066093E-0002  2.586858E-0003  2.023385E-0003  0.000000E+0000  2.390662E-0002
  1.782528E-0002  4.930976E-0003  3.057630E-0003  7.605163E-0003  2.184900E-0002  2.252948E-0002  3.139491E-0002  1.485151E-0002  5.019168E-0003  2.390662E-0002  0.000000E+0000

  0.000000E+0000  5.056073E-0005  2.820884E-0004  1.518611E-0003  1.587783E-0003  2.102968E-0003  9.377043E-0004  7.674429E-0004  2.151728E-0004  8.641882E-0004  2.879758E-0003
  5.056073E-0005  0.000000E+0000  1.396263E-0004  3.998842E-0004  5.228412E-0004  4.817737E-0004  3.289137E-0004  1.158459E-0004  1.424361E-0004  1.755795E-0004  8.113123E-0004
  2.820884E-0004  1.396263E-0004  0.000000E+0000  2.552284E-0003  1.515790E-0003  2.393220E-0003  1.473401E-0003  2.096241E-0004  1.642561E-0004  9.529568E-0005  1.124087E-0003
  1.518611E-0003  3.998842E-0004  2.552284E-0003  0.000000E+0000  1.955769E-0003  2.532701E-0003  4.412251E-0003  2.855093E-0003  3.150419E-0003  3.848980E-0003  8.240847E-0003
  1.587783E-0003  5.228412E-0004  1.515790E-0003  1.955769E-0003  0.000000E+0000  1.363118E-0003  3.463855E-0003  3.967558E-0003  2.307416E-0003  2.679844E-0003  3.734148E-0003
  2.102968E-0003  4.817737E-0004  2.393220E-0003  2.532701E-0003  1.363118E-0003  0.000000E+0000  5.055879E-0003  3.033360E-0003  5.169544E-0003  2.997150E-0003  1.031196E-0002
  9.377043E-0004  3.289137E-0004  1.473401E-0003  4.412251E-0003  3.463855E-0003  5.055879E-0003  0.000000E+0000  1.797136E-0003  2.741741E-0003  2.363823E-0003  4.551789E-0003
  7.674429E-0004  1.158459E-0004  2.096241E-0004  2.855093E-0003  3.967558E-0003  3.033360E-0003  1.797136E-0003  0.000000E+0000  2.070125E-0004  1.782145E-0003  2.736358E-0003
  2.151728E-0004  1.424361E-0004  1.642561E-0004  3.150419E-0003  2.307416E-0003  5.169544E-0003  2.741741E-0003  2.070125E-0004  0.000000E+0000  4.486872E-0004  4.670973E-0003
  8.641882E-0004  1.755795E-0004  9.529568E-0005  3.848980E-0003  2.679844E-0003  2.997150E-0003  2.363823E-0003  1.782145E-0003  4.486872E-0004  0.000000E+0000  2.282157E-0003
  2.879758E-0003  8.113123E-0004  1.124087E-0003  8.240847E-0003  3.734148E-0003  1.031196E-0002  4.551789E-0003  2.736358E-0003  4.670973E-0003  2.282157E-0003  0.000000E+0000

  0.000000E+0000  4.620118E-0004  1.861175E-0004  4.283574E-0003  3.701128E-0003  1.433011E-0003  4.052574E-0003  4.573619E-0003  2.345424E-0003  3.550582E-0003  8.687980E-0003
  4.620118E-0004  0.000000E+0000  1.511670E-0004  4.347884E-0004  8.061988E-0004  5.326938E-0004  3.247441E-0004  5.686861E-0004  2.309550E-0004  1.954537E-0004  2.184325E-0004
  1.861175E-0004  1.511670E-0004  0.000000E+0000  1.086456E-0003  7.490798E-0004  8.766897E-0004  2.108573E-0004  2.663561E-0004  1.544140E-0004  2.302758E-0004  2.250027E-0004
  4.283574E-0003  4.347884E-0004  1.086456E-0003  0.000000E+0000  2.123337E-0003  1.773104E-0003  3.132670E-0003  8.113026E-0004  2.769558E-0003  2.033707E-0003  4.784803E-0003
  3.701128E-0003  8.061988E-0004  7.490798E-0004  2.123337E-0003  0.000000E+0000  1.649314E-0003  1.143355E-0002  2.088603E-0003  2.213155E-0003  1.495264E-0003  7.125944E-0003
  1.433011E-0003  5.326938E-0004  8.766897E-0004  1.773104E-0003  1.649314E-0003  0.000000E+0000  1.538379E-0003  2.276218E-0003  2.624779E-0003  3.452705E-0003  3.017542E-0003
  4.052574E-0003  3.247441E-0004  2.108573E-0004  3.132670E-0003  1.143355E-0002  1.538379E-0003  0.000000E+0000  1.213592E-0002  4.611046E-0003  1.704936E-0003  1.745325E-0003
  4.573619E-0003  5.686861E-0004  2.663561E-0004  8.113026E-0004  2.088603E-0003  2.276218E-0003  1.213592E-0002  0.000000E+0000  2.229905E-0003  2.618692E-0003  1.149805E-0002
  2.345424E-0003  2.309550E-0004  1.544140E-0004  2.769558E-0003  2.213155E-0003  2.624779E-0003  4.611046E-0003  2.229905E-0003  0.000000E+0000  1.386600E-0003  5.010464E-0003
  3.550582E-0003  1.954537E-0004  2.302758E-0004  2.033707E-0003  1.495264E-0003  3.452705E-0003  1.704936E-0003  2.618692E-0003  1.386600E-0003  0.000000E+0000  1.671809E-0003
  8.687980E-0003  2.184325E-0004  2.250027E-0004  4.784803E-0003  7.125944E-0003  3.017542E-0003  1.745325E-0003  1.149805E-0002  5.010464E-0003  1.671809E-0003  0.000000E+0000

  0.000000E+0000  2.550445E-0002  5.100979E-0003  7.117335E-0002  8.769542E-0002  2.631957E-0002  1.583084E-0002  6.273085E-0002  7.670039E-0003  6.254174E-0002  4.186667E-0002
  2.550445E-0002  0.000000E+0000  9.625120E-0004  1.919396E-0002  1.080758E-0002  2.905060E-0002  5.290105E-0003  1.088313E-0002  1.008421E-0002  1.776982E-0002  1.933843E-0002
  5.100979E-0003  9.625120E-0004  0.000000E+0000  2.290207E-0002  8.002471E-0003  1.467413E-0002  9.557726E-0003  5.669305E-0003  1.522545E-0003  2.125924E-0002  7.707953E-0003
  7.117335E-0002  1.919396E-0002  2.290207E-0002  0.000000E+0000  8.877596E-0002  1.901016E-0001  1.140345E-0001  9.985010E-0002  6.509334E-0002  1.483202E-0001  1.131036E-0001
  8.769542E-0002  1.080758E-0002  8.002471E-0003  8.877596E-0002  0.000000E+0000  1.537777E-0001  3.082502E-0002  4.658188E-0002  5.123819E-0002  7.421107E-0002  5.466807E-0002
  2.631957E-0002  2.905060E-0002  1.467413E-0002  1.901016E-0001  1.537777E-0001  0.000000E+0000  6.363228E-0002  8.620887E-0002  1.632928E-0002  1.120644E-0001  9.527560E-0002
  1.583084E-0002  5.290105E-0003  9.557726E-0003  1.140345E-0001  3.082502E-0002  6.363228E-0002  0.000000E+0000  1.321748E-0001  1.312313E-0002  4.753961E-0002  5.431890E-0002
  6.273085E-0002  1.088313E-0002  5.669305E-0003  9.985010E-0002  4.658188E-0002  8.620887E-0002  1.321748E-0001  0.000000E+0000  6.652241E-0003  5.851458E-0002  5.862210E-0002
  7.670039E-0003  1.008421E-0002  1.522545E-0003  6.509334E-0002  5.123819E-0002  1.632928E-0002  1.312313E-0002  6.652241E-0003  0.000000E+0000  1.942420E-0002  3.445275E-0002
  6.254174E-0002  1.776982E-0002  2.125924E-0002  1.483202E-0001  7.421107E-0002  1.120644E-0001  4.753961E-0002  5.851458E-0002  1.942420E-0002  0.000000E+0000  6.079676E-0002
  4.186667E-0002  1.933843E-0002  7.707953E-0003  1.131036E-0001  5.466807E-0002  9.527560E-0002  5.431890E-0002  5.862210E-0002  3.445275E-0002  6.079676E-0002  0.000000E+0000

  0.000000E+0000  1.029634E-0002  8.197846E-0004  1.851486E-0002  2.265042E-0002  1.273267E-0002  3.376115E-0003  2.493446E-0002  8.800194E-0004  2.251952E-0002  7.768878E-0003
  1.029634E-0002  0.000000E+0000  5.095233E-0004  8.890038E-0003  5.380026E-0003  9.589436E-0003  6.875465E-0003  3.965287E-0003  2.572978E-0003  8.144017E-0003  1.301489E-0002
  8.197846E-0004  5.095233E-0004  0.000000E+0000  1.175976E-0003  7.638463E-0004  3.068666E-0003  5.072496E-0004  2.425706E-0003  1.664176E-0004  3.327724E-0003  9.079463E-0004
  1.851486E-0002  8.890038E-0003  1.175976E-0003  0.000000E+0000  1.667680E-0002  4.560183E-0002  8.551334E-0003  3.296466E-0002  4.866384E-0003  4.339296E-0002  8.568380E-0003
  2.265042E-0002  5.380026E-0003  7.638463E-0004  1.667680E-0002  0.000000E+0000  2.168889E-0002  8.428921E-0003  1.410208E-0002  5.783061E-0003  2.254801E-0002  1.804134E-0002
  1.273267E-0002  9.589436E-0003  3.068666E-0003  4.560183E-0002  2.168889E-0002  0.000000E+0000  7.640382E-0003  3.995647E-0002  6.632267E-0003  3.511186E-0002  2.404121E-0002
  3.376115E-0003  6.875465E-0003  5.072496E-0004  8.551334E-0003  8.428921E-0003  7.640382E-0003  0.000000E+0000  1.302580E-0002  3.040148E-0003  1.586734E-0002  3.242009E-0003
  2.493446E-0002  3.965287E-0003  2.425706E-0003  3.296466E-0002  1.410208E-0002  3.995647E-0002  1.302580E-0002  0.000000E+0000  4.735710E-0003  2.701312E-0002  2.469040E-0002
  8.800194E-0004  2.572978E-0003  1.664176E-0004  4.866384E-0003  5.783061E-0003  6.632267E-0003  3.040148E-0003  4.735710E-0003  0.000000E+0000  6.322194E-0003  3.412153E-0003
  2.251952E-0002  8.144017E-0003  3.327724E-0003  4.339296E-0002  2.254801E-0002  3.511186E-0002  1.586734E-0002  2.701312E-0002  6.322194E-0003  0.000000E+0000  2.476953E-0002
  7.768878E-0003  1.301489E-0002  9.079463E-0004  8.568380E-0003  1.804134E-0002  2.404121E-0002  3.242009E-0003  2.469040E-0002  3.412153E-0003  2.476953E-0002  0.000000E+0000

  0.000000E+0000  2.842108E-0003  3.346722E-0004  5.222473E-0003  5.296491E-0003  3.003910E-0003  8.264307E-0004  7.123685E-0003  4.194531E-0004  6.900658E-0003  2.092801E-0003
  2.842108E-0003  0.000000E+0000  7.564626E-0005  2.281279E-0003  1.253872E-0003  2.785398E-0003  1.192851E-0003  1.276297E-0003  8.539350E-0004  2.162772E-0003  2.333091E-0003
  3.346722E-0004  7.564626E-0005  0.000000E+0000  5.483275E-0004  3.716638E-0004  4.509775E-0004  2.057465E-0004  4.361686E-0004  1.554497E-0004  3.824106E-0004  7.021470E-0005
  5.222473E-0003  2.281279E-0003  5.483275E-0004  0.000000E+0000  1.694605E-0003  9.735170E-0003  1.728387E-0003  8.696536E-0003  2.470187E-0004  8.291781E-0003  2.298989E-0003
  5.296491E-0003  1.253872E-0003  3.716638E-0004  1.694605E-0003  0.000000E+0000  5.267482E-0003  2.015056E-0003  4.134280E-0003  1.006603E-0003  5.425656E-0003  2.370547E-0003
  3.003910E-0003  2.785398E-0003  4.509775E-0004  9.735170E-0003  5.267482E-0003  0.000000E+0000  1.221482E-0003  1.193487E-0002  2.528189E-0003  1.009838E-0002  4.338522E-0003
  8.264307E-0004  1.192851E-0003  2.057465E-0004  1.728387E-0003  2.015056E-0003  1.221482E-0003  0.000000E+0000  1.599610E-0003  3.662555E-0004  1.970482E-0003  1.236001E-0003
  7.123685E-0003  1.276297E-0003  4.361686E-0004  8.696536E-0003  4.134280E-0003  1.193487E-0002  1.599610E-0003  0.000000E+0000  2.329249E-0003  8.114897E-0003  4.715329E-0003
  4.194531E-0004  8.539350E-0004  1.554497E-0004  2.470187E-0004  1.006603E-0003  2.528189E-0003  3.662555E-0004  2.329249E-0003  0.000000E+0000  3.243851E-0003  4.890130E-0004
  6.900658E-0003  2.162772E-0003  3.824106E-0004  8.291781E-0003  5.425656E-0003  1.009838E-0002  1.970482E-0003  8.114897E-0003  3.243851E-0003  0.000000E+0000  4.713567E-0003
  2.092801E-0003  2.333091E-0003  7.021470E-0005  2.298989E-0003  2.370547E-0003  4.338522E-0003  1.236001E-0003  4.715329E-0003  4.890130E-0004  4.713567E-0003  0.000000E+0000
