6661999 = Ignore first line (new format code)
File name: E:\Folders\PhD\ISAD\ISAD_Curry_data\ISAD_EEGs\eLORETA\EEGs_128Hz_200sec-window\Clinical_v_Healthy\T1_healthy_all\H31-ROIlinLagConn-crss.txt
1 = Number of time frames in Time X Frequency decomposition
3 = Number of EEG files
11 = Number Electrodes
25600 = Number of time frames in EEG files
32768 = Number of time frames in EEG files power of 2
7 = Number of matrices
5 = Band type (1=Classical1; 2=Classical2; 3=DiscreteFreqs; 4=AllDiscreteFreqs; 5=UserDefinedBands)
 1.280000E+0002 = Sampling rate Hz
-1.000000E+0002 = Freq1 Hz
-1.000000E+0002 = Freq2 Hz
 3.906250E-0003 = Frequency resolution Hz

  0.000000E+0000  3.790450E-0002  7.167275E-0002  1.148727E-0001  1.164508E-0001  1.973540E-0001  6.550030E-0002  9.623819E-0002  7.387146E-0002  1.810675E-0001  2.840952E-0002
  3.790450E-0002  0.000000E+0000  5.656751E-0002  5.554306E-0002  1.813880E-0002  8.786863E-0002  6.152208E-0002  5.241294E-0002  2.345469E-0002  4.612892E-0002  5.834612E-0003
  7.167275E-0002  5.656751E-0002  0.000000E+0000  1.173606E-0001  6.562993E-0002  1.111857E-0001  5.376688E-0002  3.058203E-0002  8.070109E-0002  1.672832E-0001  1.579069E-0001
  1.148727E-0001  5.554306E-0002  1.173606E-0001  0.000000E+0000  8.960585E-0002  1.158783E-0001  9.280756E-0002  7.383013E-0002  6.842014E-0002  1.860163E-0001  2.204670E-0001
  1.164508E-0001  1.813880E-0002  6.562993E-0002  8.960585E-0002  0.000000E+0000  1.191189E-0001  1.224122E-0001  5.541318E-0002  3.674664E-0002  1.984920E-0001  1.447926E-0001
  1.973540E-0001  8.786863E-0002  1.111857E-0001  1.158783E-0001  1.191189E-0001  0.000000E+0000  9.346166E-0002  9.396782E-0002  9.107079E-0002  2.584690E-0001  2.380249E-0001
  6.550030E-0002  6.152208E-0002  5.376688E-0002  9.280756E-0002  1.224122E-0001  9.346166E-0002  0.000000E+0000  8.918042E-0002  4.880055E-0002  1.227589E-0001  1.359224E-0001
  9.623819E-0002  5.241294E-0002  3.058203E-0002  7.383013E-0002  5.541318E-0002  9.396782E-0002  8.918042E-0002  0.000000E+0000  3.746297E-0002  1.558704E-0001  2.488273E-0001
  7.387146E-0002  2.345469E-0002  8.070109E-0002  6.842014E-0002  3.674664E-0002  9.107079E-0002  4.880055E-0002  3.746297E-0002  0.000000E+0000  1.173313E-0001  6.729131E-0002
  1.810675E-0001  4.612892E-0002  1.672832E-0001  1.860163E-0001  1.984920E-0001  2.584690E-0001  1.227589E-0001  1.558704E-0001  1.173313E-0001  0.000000E+0000  1.548342E-0001
  2.840952E-0002  5.834612E-0003  1.579069E-0001  2.204670E-0001  1.447926E-0001  2.380249E-0001  1.359224E-0001  2.488273E-0001  6.729131E-0002  1.548342E-0001  0.000000E+0000

  0.000000E+0000  3.834851E-0003  1.031720E-0003  1.384260E-0002  6.539044E-0003  8.502197E-0003  2.688517E-0003  5.563028E-0003  2.914218E-0003  1.108725E-0002  7.745914E-0003
  3.834851E-0003  0.000000E+0000  3.724093E-0003  4.815766E-0003  2.327243E-0003  1.149322E-0002  2.575452E-0003  3.479050E-0003  1.939180E-0003  1.053015E-0002  6.164694E-0003
  1.031720E-0003  3.724093E-0003  0.000000E+0000  1.186761E-0002  5.744767E-0003  1.047849E-0002  1.304362E-0003  2.483804E-0003  1.522723E-0003  1.261310E-0002  6.490995E-0003
  1.384260E-0002  4.815766E-0003  1.186761E-0002  0.000000E+0000  2.846040E-0003  1.688881E-0002  3.230174E-0003  8.824080E-0003  2.372780E-0003  1.605169E-0002  3.517136E-0003
  6.539044E-0003  2.327243E-0003  5.744767E-0003  2.846040E-0003  0.000000E+0000  8.066635E-0003  3.182612E-0003  5.050987E-0003  4.556849E-0003  4.344714E-0003  1.476643E-0002
  8.502197E-0003  1.149322E-0002  1.047849E-0002  1.688881E-0002  8.066635E-0003  0.000000E+0000  3.161159E-0004  1.157105E-0002  5.567312E-0003  8.378425E-0003  1.450872E-0002
  2.688517E-0003  2.575452E-0003  1.304362E-0003  3.230174E-0003  3.182612E-0003  3.161159E-0004  0.000000E+0000  2.303445E-0003  3.122101E-0003  9.325732E-0004  3.564171E-0003
  5.563028E-0003  3.479050E-0003  2.483804E-0003  8.824080E-0003  5.050987E-0003  1.157105E-0002  2.303445E-0003  0.000000E+0000  5.396665E-0003  9.039543E-0003  7.923042E-0003
  2.914218E-0003  1.939180E-0003  1.522723E-0003  2.372780E-0003  4.556849E-0003  5.567312E-0003  3.122101E-0003  5.396665E-0003  0.000000E+0000  1.145837E-0002  6.377019E-0003
  1.108725E-0002  1.053015E-0002  1.261310E-0002  1.605169E-0002  4.344714E-0003  8.378425E-0003  9.325732E-0004  9.039543E-0003  1.145837E-0002  0.000000E+0000  1.121003E-0002
  7.745914E-0003  6.164694E-0003  6.490995E-0003  3.517136E-0003  1.476643E-0002  1.450872E-0002  3.564171E-0003  7.923042E-0003  6.377019E-0003  1.121003E-0002  0.000000E+0000

  0.000000E+0000  2.106912E-0003  2.556285E-0003  2.097612E-0003  1.671842E-0003  3.381123E-0003  3.530461E-0003  2.174054E-0003  1.730953E-0003  3.625988E-0003  6.056532E-0003
  2.106912E-0003  0.000000E+0000  3.923989E-0003  1.402822E-0002  1.675191E-0002  1.825441E-0002  1.074317E-0002  5.828289E-0003  2.417200E-0003  1.024164E-0002  8.381423E-0003
  2.556285E-0003  3.923989E-0003  0.000000E+0000  2.788914E-0003  2.395816E-0003  3.756553E-0003  2.593749E-0003  7.260014E-0003  1.202357E-0003  4.025025E-0003  5.948985E-0003
  2.097612E-0003  1.402822E-0002  2.788914E-0003  0.000000E+0000  1.040644E-0002  3.308082E-0003  3.710753E-0003  1.150730E-0002  5.064471E-0003  3.876262E-0003  1.101456E-0002
  1.671842E-0003  1.675191E-0002  2.395816E-0003  1.040644E-0002  0.000000E+0000  1.632256E-0002  1.055446E-0002  1.902474E-0002  2.866199E-0003  1.068891E-0002  5.763283E-0003
  3.381123E-0003  1.825441E-0002  3.756553E-0003  3.308082E-0003  1.632256E-0002  0.000000E+0000  2.033514E-0003  1.567758E-0002  5.786985E-0003  5.855431E-0003  1.105958E-0002
  3.530461E-0003  1.074317E-0002  2.593749E-0003  3.710753E-0003  1.055446E-0002  2.033514E-0003  0.000000E+0000  8.360195E-0003  5.834674E-0003  4.207327E-0003  1.026859E-0002
  2.174054E-0003  5.828289E-0003  7.260014E-0003  1.150730E-0002  1.902474E-0002  1.567758E-0002  8.360195E-0003  0.000000E+0000  5.059318E-0003  7.980383E-0003  8.922821E-0003
  1.730953E-0003  2.417200E-0003  1.202357E-0003  5.064471E-0003  2.866199E-0003  5.786985E-0003  5.834674E-0003  5.059318E-0003  0.000000E+0000  6.286056E-0003  7.777789E-0003
  3.625988E-0003  1.024164E-0002  4.025025E-0003  3.876262E-0003  1.068891E-0002  5.855431E-0003  4.207327E-0003  7.980383E-0003  6.286056E-0003  0.000000E+0000  1.317470E-0002
  6.056532E-0003  8.381423E-0003  5.948985E-0003  1.101456E-0002  5.763283E-0003  1.105958E-0002  1.026859E-0002  8.922821E-0003  7.777789E-0003  1.317470E-0002  0.000000E+0000

  0.000000E+0000  4.035569E-0003  1.349396E-0003  7.374159E-0003  1.332572E-0003  8.237423E-0003  1.032080E-0002  4.763421E-0003  1.813063E-0003  1.079812E-0002  9.407005E-0003
  4.035569E-0003  0.000000E+0000  1.231084E-0002  1.481229E-0002  1.696244E-0002  1.692613E-0002  1.286933E-0002  7.910738E-0003  6.657512E-0003  1.213092E-0002  1.078057E-0002
  1.349396E-0003  1.231084E-0002  0.000000E+0000  3.499869E-0003  4.760270E-0003  4.709657E-0003  5.648892E-0003  1.029905E-0002  4.292665E-0003  3.958764E-0003  4.224495E-0003
  7.374159E-0003  1.481229E-0002  3.499869E-0003  0.000000E+0000  2.550044E-0002  6.832331E-0003  7.745256E-0003  6.986434E-0003  1.195128E-0002  4.618539E-0003  1.415252E-0002
  1.332572E-0003  1.696244E-0002  4.760270E-0003  2.550044E-0002  0.000000E+0000  3.176147E-0002  2.384441E-0002  1.901274E-0002  6.595627E-0003  1.526712E-0002  1.806317E-0002
  8.237423E-0003  1.692613E-0002  4.709657E-0003  6.832331E-0003  3.176147E-0002  0.000000E+0000  6.883352E-0003  9.431289E-0003  1.029828E-0002  2.344246E-0003  1.170839E-0002
  1.032080E-0002  1.286933E-0002  5.648892E-0003  7.745256E-0003  2.384441E-0002  6.883352E-0003  0.000000E+0000  7.886073E-0003  1.368867E-0002  5.362025E-0003  1.170094E-0002
  4.763421E-0003  7.910738E-0003  1.029905E-0002  6.986434E-0003  1.901274E-0002  9.431289E-0003  7.886073E-0003  0.000000E+0000  4.077846E-0003  6.097442E-0003  1.078461E-0002
  1.813063E-0003  6.657512E-0003  4.292665E-0003  1.195128E-0002  6.595627E-0003  1.029828E-0002  1.368867E-0002  4.077846E-0003  0.000000E+0000  1.389903E-0002  1.166463E-0002
  1.079812E-0002  1.213092E-0002  3.958764E-0003  4.618539E-0003  1.526712E-0002  2.344246E-0003  5.362025E-0003  6.097442E-0003  1.389903E-0002  0.000000E+0000  3.545204E-0002
  9.407005E-0003  1.078057E-0002  4.224495E-0003  1.415252E-0002  1.806317E-0002  1.170839E-0002  1.170094E-0002  1.078461E-0002  1.166463E-0002  3.545204E-0002  0.000000E+0000

  0.000000E+0000  9.411623E-0003  1.220016E-0002  9.228027E-0002  6.144341E-0002  6.718988E-0002  4.809185E-0002  2.684729E-0002  1.922835E-0002  8.401309E-0002  2.426066E-0002
  9.411623E-0003  0.000000E+0000  7.583951E-0003  1.078902E-0001  4.504094E-0002  6.261459E-0002  5.241566E-0002  9.803915E-0003  1.037704E-0002  8.499011E-0002  1.186431E-0002
  1.220016E-0002  7.583951E-0003  0.000000E+0000  8.973261E-0002  2.604371E-0002  4.801691E-0002  1.256301E-0002  7.635779E-0003  5.676976E-0003  7.766693E-0002  9.237631E-0003
  9.228027E-0002  1.078902E-0001  8.973261E-0002  0.000000E+0000  2.061456E-0001  2.033515E-0001  1.192694E-0001  1.371235E-0001  1.118401E-0001  2.276950E-0001  1.311962E-0001
  6.144341E-0002  4.504094E-0002  2.604371E-0002  2.061456E-0001  0.000000E+0000  1.111998E-0001  1.065680E-0001  3.341795E-0002  2.268101E-0002  1.395897E-0001  2.339623E-0002
  6.718988E-0002  6.261459E-0002  4.801691E-0002  2.033515E-0001  1.111998E-0001  0.000000E+0000  9.370939E-0002  1.041451E-0001  7.668738E-0002  1.371919E-0001  7.298622E-0002
  4.809185E-0002  5.241566E-0002  1.256301E-0002  1.192694E-0001  1.065680E-0001  9.370939E-0002  0.000000E+0000  2.063754E-0002  1.675102E-0002  1.160785E-0001  3.016468E-0002
  2.684729E-0002  9.803915E-0003  7.635779E-0003  1.371235E-0001  3.341795E-0002  1.041451E-0001  2.063754E-0002  0.000000E+0000  5.133568E-0003  1.664299E-0001  8.468391E-0003
  1.922835E-0002  1.037704E-0002  5.676976E-0003  1.118401E-0001  2.268101E-0002  7.668738E-0002  1.675102E-0002  5.133568E-0003  0.000000E+0000  1.188560E-0001  1.516988E-0002
  8.401309E-0002  8.499011E-0002  7.766693E-0002  2.276950E-0001  1.395897E-0001  1.371919E-0001  1.160785E-0001  1.664299E-0001  1.188560E-0001  0.000000E+0000  1.239253E-0001
  2.426066E-0002  1.186431E-0002  9.237631E-0003  1.311962E-0001  2.339623E-0002  7.298622E-0002  3.016468E-0002  8.468391E-0003  1.516988E-0002  1.239253E-0001  0.000000E+0000

  0.000000E+0000  1.341291E-0002  3.098004E-0003  2.020222E-0002  2.686329E-0002  3.129062E-0002  2.429950E-0002  5.898973E-0003  8.309877E-0003  3.205511E-0002  2.904900E-0002
  1.341291E-0002  0.000000E+0000  4.242827E-0003  2.124428E-0002  2.241325E-0002  4.545066E-0002  1.630449E-0002  6.133443E-0003  1.380640E-0002  3.950495E-0002  1.688556E-0002
  3.098004E-0003  4.242827E-0003  0.000000E+0000  6.939408E-0003  5.665990E-0003  1.129904E-0002  3.534314E-0003  2.080514E-0003  9.552454E-0003  8.316235E-0003  8.359656E-0003
  2.020222E-0002  2.124428E-0002  6.939408E-0003  0.000000E+0000  2.863364E-0002  4.333550E-0002  2.196226E-0002  1.355067E-0002  2.999273E-0002  3.337231E-0002  2.261086E-0002
  2.686329E-0002  2.241325E-0002  5.665990E-0003  2.863364E-0002  0.000000E+0000  5.110434E-0002  2.279476E-0002  1.168465E-0002  3.518741E-0002  4.943114E-0002  1.545201E-0002
  3.129062E-0002  4.545066E-0002  1.129904E-0002  4.333550E-0002  5.110434E-0002  0.000000E+0000  4.107311E-0002  3.016272E-0002  2.543353E-0002  3.150450E-0002  4.310921E-0002
  2.429950E-0002  1.630449E-0002  3.534314E-0003  2.196226E-0002  2.279476E-0002  4.107311E-0002  0.000000E+0000  1.008627E-0002  3.129070E-0002  2.366822E-0002  7.697504E-0003
  5.898973E-0003  6.133443E-0003  2.080514E-0003  1.355067E-0002  1.168465E-0002  3.016272E-0002  1.008627E-0002  0.000000E+0000  1.092874E-0002  1.799366E-0002  1.106629E-0002
  8.309877E-0003  1.380640E-0002  9.552454E-0003  2.999273E-0002  3.518741E-0002  2.543353E-0002  3.129070E-0002  1.092874E-0002  0.000000E+0000  4.390863E-0002  3.374113E-0002
  3.205511E-0002  3.950495E-0002  8.316235E-0003  3.337231E-0002  4.943114E-0002  3.150450E-0002  2.366822E-0002  1.799366E-0002  4.390863E-0002  0.000000E+0000  2.451509E-0002
  2.904900E-0002  1.688556E-0002  8.359656E-0003  2.261086E-0002  1.545201E-0002  4.310921E-0002  7.697504E-0003  1.106629E-0002  3.374113E-0002  2.451509E-0002  0.000000E+0000

  0.000000E+0000  6.435818E-0003  1.300459E-0003  7.162171E-0003  7.833059E-0003  6.458736E-0003  7.487153E-0003  6.495470E-0003  4.841532E-0003  1.848157E-0003  7.455762E-0003
  6.435818E-0003  0.000000E+0000  5.881489E-0004  2.337388E-0003  7.997721E-0003  7.793316E-0003  2.703742E-0003  4.848034E-0003  4.185615E-0003  4.706288E-0003  7.243221E-0003
  1.300459E-0003  5.881489E-0004  0.000000E+0000  1.932826E-0003  1.602355E-0003  3.510765E-0003  1.339184E-0003  1.017956E-0003  3.137276E-0004  4.729139E-0003  3.025260E-0003
  7.162171E-0003  2.337388E-0003  1.932826E-0003  0.000000E+0000  3.391723E-0003  6.845636E-0003  1.924802E-0003  5.287578E-0003  1.916397E-0003  3.703330E-0003  2.802045E-0003
  7.833059E-0003  7.997721E-0003  1.602355E-0003  3.391723E-0003  0.000000E+0000  7.240958E-0003  5.656694E-0003  5.450143E-0003  1.052100E-0002  4.218215E-0003  1.265412E-0002
  6.458736E-0003  7.793316E-0003  3.510765E-0003  6.845636E-0003  7.240958E-0003  0.000000E+0000  7.250590E-0003  3.429362E-0003  8.822400E-0003  3.528452E-0003  3.161824E-0003
  7.487153E-0003  2.703742E-0003  1.339184E-0003  1.924802E-0003  5.656694E-0003  7.250590E-0003  0.000000E+0000  5.974495E-0003  3.143674E-0003  4.018919E-0003  2.630711E-0003
  6.495470E-0003  4.848034E-0003  1.017956E-0003  5.287578E-0003  5.450143E-0003  3.429362E-0003  5.974495E-0003  0.000000E+0000  7.148153E-0003  1.955183E-0003  6.573470E-0004
  4.841532E-0003  4.185615E-0003  3.137276E-0004  1.916397E-0003  1.052100E-0002  8.822400E-0003  3.143674E-0003  7.148153E-0003  0.000000E+0000  4.197909E-0003  1.079249E-0002
  1.848157E-0003  4.706288E-0003  4.729139E-0003  3.703330E-0003  4.218215E-0003  3.528452E-0003  4.018919E-0003  1.955183E-0003  4.197909E-0003  0.000000E+0000  4.532050E-0003
  7.455762E-0003  7.243221E-0003  3.025260E-0003  2.802045E-0003  1.265412E-0002  3.161824E-0003  2.630711E-0003  6.573470E-0004  1.079249E-0002  4.532050E-0003  0.000000E+0000
