6661999 = Ignore first line (new format code)
File name: E:\Folders\PhD\ISAD\ISAD_Curry_data\ISAD_EEGs\eLORETA\EEGs_128Hz_200sec-window\Clinical_v_Healthy\T1_healthy_all\H33-ROIlinLagConn-crss.txt
1 = Number of time frames in Time X Frequency decomposition
3 = Number of EEG files
11 = Number Electrodes
25600 = Number of time frames in EEG files
32768 = Number of time frames in EEG files power of 2
7 = Number of matrices
5 = Band type (1=Classical1; 2=Classical2; 3=DiscreteFreqs; 4=AllDiscreteFreqs; 5=UserDefinedBands)
 1.280000E+0002 = Sampling rate Hz
-1.000000E+0002 = Freq1 Hz
-1.000000E+0002 = Freq2 Hz
 3.906250E-0003 = Frequency resolution Hz

  0.000000E+0000  1.065162E-0002  1.912925E-0002  5.175857E-0002  1.615057E-0002  3.515995E-0002  1.511908E-0002  3.951845E-0002  2.325102E-0002  6.032078E-0002  2.713437E-0002
  1.065162E-0002  0.000000E+0000  7.503462E-0003  2.281106E-0002  2.832095E-0002  5.919249E-0002  7.322423E-0003  7.443338E-0002  7.572923E-0003  7.138586E-0002  4.631502E-0002
  1.912925E-0002  7.503462E-0003  0.000000E+0000  2.587752E-0002  4.246360E-0002  7.992814E-0002  1.963588E-0002  1.007688E-0001  7.986283E-0003  9.189024E-0002  5.854580E-0002
  5.175857E-0002  2.281106E-0002  2.587752E-0002  0.000000E+0000  7.150327E-0002  9.861870E-0002  1.011183E-0001  1.479222E-0001  7.753578E-0002  1.417414E-0001  1.373211E-0001
  1.615057E-0002  2.832095E-0002  4.246360E-0002  7.150327E-0002  0.000000E+0000  1.040582E-0001  2.903716E-0002  1.413977E-0001  4.581624E-0002  1.326587E-0001  6.612381E-0002
  3.515995E-0002  5.919249E-0002  7.992814E-0002  9.861870E-0002  1.040582E-0001  0.000000E+0000  8.875785E-0002  1.265888E-0001  9.676091E-0002  1.970267E-0001  9.959199E-0002
  1.511908E-0002  7.322423E-0003  1.963588E-0002  1.011183E-0001  2.903716E-0002  8.875785E-0002  0.000000E+0000  1.017788E-0001  2.971129E-0002  1.389889E-0001  7.232386E-0002
  3.951845E-0002  7.443338E-0002  1.007688E-0001  1.479222E-0001  1.413977E-0001  1.265888E-0001  1.017788E-0001  0.000000E+0000  1.158853E-0001  1.287584E-0001  1.736027E-0001
  2.325102E-0002  7.572923E-0003  7.986283E-0003  7.753578E-0002  4.581624E-0002  9.676091E-0002  2.971129E-0002  1.158853E-0001  0.000000E+0000  1.159284E-0001  8.438569E-0002
  6.032078E-0002  7.138586E-0002  9.189024E-0002  1.417414E-0001  1.326587E-0001  1.970267E-0001  1.389889E-0001  1.287584E-0001  1.159284E-0001  0.000000E+0000  1.973646E-0001
  2.713437E-0002  4.631502E-0002  5.854580E-0002  1.373211E-0001  6.612381E-0002  9.959199E-0002  7.232386E-0002  1.736027E-0001  8.438569E-0002  1.973646E-0001  0.000000E+0000

  0.000000E+0000  7.043945E-0003  1.031202E-0002  1.680512E-0002  2.046300E-0002  2.016824E-0002  8.142259E-0003  1.870523E-0002  1.786222E-0002  2.510294E-0002  1.867832E-0002
  7.043945E-0003  0.000000E+0000  1.056990E-0002  2.475340E-0002  3.428134E-0002  4.889880E-0002  9.455217E-0003  3.284164E-0002  1.224397E-0002  4.587713E-0002  8.934855E-0003
  1.031202E-0002  1.056990E-0002  0.000000E+0000  3.313706E-0003  4.310565E-0002  6.300119E-0002  1.995910E-0002  4.176404E-0002  3.465205E-0003  5.529776E-0002  1.219618E-0002
  1.680512E-0002  2.475340E-0002  3.313706E-0003  0.000000E+0000  6.156385E-0002  6.406452E-0002  3.654822E-0002  7.525694E-0002  5.657083E-0003  6.792470E-0002  1.645037E-0002
  2.046300E-0002  3.428134E-0002  4.310565E-0002  6.156385E-0002  0.000000E+0000  5.672218E-0002  4.628737E-0002  5.476244E-0002  4.905445E-0002  6.648403E-0002  4.989282E-0002
  2.016824E-0002  4.889880E-0002  6.300119E-0002  6.406452E-0002  5.672218E-0002  0.000000E+0000  7.715828E-0002  8.314045E-0002  7.357930E-0002  8.056219E-0002  8.503620E-0002
  8.142259E-0003  9.455217E-0003  1.995910E-0002  3.654822E-0002  4.628737E-0002  7.715828E-0002  0.000000E+0000  4.848176E-0002  3.317862E-0002  6.644921E-0002  3.185104E-0002
  1.870523E-0002  3.284164E-0002  4.176404E-0002  7.525694E-0002  5.476244E-0002  8.314045E-0002  4.848176E-0002  0.000000E+0000  4.693482E-0002  8.409608E-0002  4.186508E-0002
  1.786222E-0002  1.224397E-0002  3.465205E-0003  5.657083E-0003  4.905445E-0002  7.357930E-0002  3.317862E-0002  4.693482E-0002  0.000000E+0000  6.079718E-0002  3.750895E-0002
  2.510294E-0002  4.587713E-0002  5.529776E-0002  6.792470E-0002  6.648403E-0002  8.056219E-0002  6.644921E-0002  8.409608E-0002  6.079718E-0002  0.000000E+0000  6.954235E-0002
  1.867832E-0002  8.934855E-0003  1.219618E-0002  1.645037E-0002  4.989282E-0002  8.503620E-0002  3.185104E-0002  4.186508E-0002  3.750895E-0002  6.954235E-0002  0.000000E+0000

  0.000000E+0000  3.534016E-0003  5.845074E-0003  1.043182E-0002  5.791754E-0003  1.213657E-0002  3.828887E-0003  4.107862E-0003  5.633853E-0003  8.509947E-0003  2.966132E-0003
  3.534016E-0003  0.000000E+0000  8.508649E-0004  3.178729E-0003  6.856200E-0003  8.354333E-0003  2.404211E-0003  3.686582E-0003  9.065192E-0004  6.458176E-0003  2.665503E-0003
  5.845074E-0003  8.508649E-0004  0.000000E+0000  3.459077E-0003  1.090455E-0002  1.143186E-0002  5.892991E-0003  5.470536E-0003  9.703596E-0004  7.455167E-0003  6.732033E-0003
  1.043182E-0002  3.178729E-0003  3.459077E-0003  0.000000E+0000  1.922243E-0002  2.871979E-0002  1.080906E-0002  1.770197E-0002  5.566251E-0003  2.242273E-0002  1.143291E-0002
  5.791754E-0003  6.856200E-0003  1.090455E-0002  1.922243E-0002  0.000000E+0000  2.752889E-0002  8.238890E-0003  1.548352E-0002  8.248047E-0003  2.614794E-0002  1.414750E-0002
  1.213657E-0002  8.354333E-0003  1.143186E-0002  2.871979E-0002  2.752889E-0002  0.000000E+0000  1.229466E-0002  2.085413E-0002  1.340172E-0002  1.286299E-0002  2.586630E-0002
  3.828887E-0003  2.404211E-0003  5.892991E-0003  1.080906E-0002  8.238890E-0003  1.229466E-0002  0.000000E+0000  4.005321E-0003  5.169640E-0003  4.081582E-0003  8.940108E-0004
  4.107862E-0003  3.686582E-0003  5.470536E-0003  1.770197E-0002  1.548352E-0002  2.085413E-0002  4.005321E-0003  0.000000E+0000  4.157291E-0003  5.342093E-0003  7.616938E-0003
  5.633853E-0003  9.065192E-0004  9.703596E-0004  5.566251E-0003  8.248047E-0003  1.340172E-0002  5.169640E-0003  4.157291E-0003  0.000000E+0000  1.112014E-0002  6.681887E-0003
  8.509947E-0003  6.458176E-0003  7.455167E-0003  2.242273E-0002  2.614794E-0002  1.286299E-0002  4.081582E-0003  5.342093E-0003  1.112014E-0002  0.000000E+0000  2.983889E-0002
  2.966132E-0003  2.665503E-0003  6.732033E-0003  1.143291E-0002  1.414750E-0002  2.586630E-0002  8.940108E-0004  7.616938E-0003  6.681887E-0003  2.983889E-0002  0.000000E+0000

  0.000000E+0000  2.724788E-0004  1.199248E-0003  1.532695E-0003  2.639460E-0003  2.539996E-0003  1.228196E-0003  1.291674E-0003  7.675645E-0004  1.668706E-0003  2.788997E-0003
  2.724788E-0004  0.000000E+0000  4.305459E-0004  1.468599E-0003  1.903632E-0003  4.470407E-0003  4.592217E-0004  1.169379E-0003  4.412054E-0004  3.812467E-0003  4.381201E-0004
  1.199248E-0003  4.305459E-0004  0.000000E+0000  1.225439E-0003  1.728595E-0003  4.285015E-0003  9.700662E-0004  1.715312E-0003  1.805193E-0003  3.635969E-0003  8.552400E-0004
  1.532695E-0003  1.468599E-0003  1.225439E-0003  0.000000E+0000  5.747775E-0003  1.354242E-0002  2.824558E-0003  7.621925E-0003  1.971636E-0003  1.124143E-0002  4.585061E-0003
  2.639460E-0003  1.903632E-0003  1.728595E-0003  5.747775E-0003  0.000000E+0000  6.783398E-0003  9.918422E-0004  6.039081E-0003  2.416765E-0003  8.101460E-0003  2.056220E-0003
  2.539996E-0003  4.470407E-0003  4.285015E-0003  1.354242E-0002  6.783398E-0003  0.000000E+0000  5.029957E-0003  4.306701E-0003  5.661823E-0003  5.136144E-0003  7.421303E-0003
  1.228196E-0003  4.592217E-0004  9.700662E-0004  2.824558E-0003  9.918422E-0004  5.029957E-0003  0.000000E+0000  7.640345E-0004  7.039785E-0004  5.833061E-0003  1.162642E-0003
  1.291674E-0003  1.169379E-0003  1.715312E-0003  7.621925E-0003  6.039081E-0003  4.306701E-0003  7.640345E-0004  0.000000E+0000  1.475601E-0003  4.550586E-0003  2.649485E-0003
  7.675645E-0004  4.412054E-0004  1.805193E-0003  1.971636E-0003  2.416765E-0003  5.661823E-0003  7.039785E-0004  1.475601E-0003  0.000000E+0000  6.506699E-0003  3.232575E-0003
  1.668706E-0003  3.812467E-0003  3.635969E-0003  1.124143E-0002  8.101460E-0003  5.136144E-0003  5.833061E-0003  4.550586E-0003  6.506699E-0003  0.000000E+0000  7.983468E-0003
  2.788997E-0003  4.381201E-0004  8.552400E-0004  4.585061E-0003  2.056220E-0003  7.421303E-0003  1.162642E-0003  2.649485E-0003  3.232575E-0003  7.983468E-0003  0.000000E+0000

  0.000000E+0000  1.487762E-0002  2.047521E-0002  9.251273E-0003  9.059869E-0002  1.519235E-0002  5.751492E-0002  9.772753E-0002  6.199757E-0002  1.847865E-0002  8.226395E-0002
  1.487762E-0002  0.000000E+0000  3.421531E-0002  3.636854E-0002  1.372788E-0001  3.730343E-0002  6.347718E-0002  1.296672E-0001  6.823950E-0002  3.620315E-0002  8.373459E-0002
  2.047521E-0002  3.421531E-0002  0.000000E+0000  3.724501E-0002  7.924020E-0002  4.995142E-0002  5.730415E-0002  8.950370E-0002  8.986922E-0002  4.655557E-0002  1.070479E-0001
  9.251273E-0003  3.636854E-0002  3.724501E-0002  0.000000E+0000  1.666450E-0001  6.913617E-0002  7.046489E-0002  1.482550E-0001  1.089491E-0001  6.888642E-0002  1.277387E-0001
  9.059869E-0002  1.372788E-0001  7.924020E-0002  1.666450E-0001  0.000000E+0000  1.591482E-0001  1.250793E-0001  1.922540E-0001  1.380194E-0001  1.213878E-0001  1.787327E-0001
  1.519235E-0002  3.730343E-0002  4.995142E-0002  6.913617E-0002  1.591482E-0001  0.000000E+0000  8.294486E-0002  1.595880E-0001  1.171532E-0001  7.046700E-0002  1.411920E-0001
  5.751492E-0002  6.347718E-0002  5.730415E-0002  7.046489E-0002  1.250793E-0001  8.294486E-0002  0.000000E+0000  1.330516E-0001  9.029585E-0002  5.399827E-0002  1.110850E-0001
  9.772753E-0002  1.296672E-0001  8.950370E-0002  1.482550E-0001  1.922540E-0001  1.595880E-0001  1.330516E-0001  0.000000E+0000  1.464802E-0001  1.123479E-0001  1.769329E-0001
  6.199757E-0002  6.823950E-0002  8.986922E-0002  1.089491E-0001  1.380194E-0001  1.171532E-0001  9.029585E-0002  1.464802E-0001  0.000000E+0000  6.245078E-0002  1.615095E-0001
  1.847865E-0002  3.620315E-0002  4.655557E-0002  6.888642E-0002  1.213878E-0001  7.046700E-0002  5.399827E-0002  1.123479E-0001  6.245078E-0002  0.000000E+0000  8.006296E-0002
  8.226395E-0002  8.373459E-0002  1.070479E-0001  1.277387E-0001  1.787327E-0001  1.411920E-0001  1.110850E-0001  1.769329E-0001  1.615095E-0001  8.006296E-0002  0.000000E+0000

  0.000000E+0000  6.872318E-0004  1.363164E-0003  5.666135E-0004  4.741863E-0003  1.809047E-0003  1.503479E-0003  3.120205E-0003  2.391138E-0003  1.348771E-0003  2.555473E-0003
  6.872318E-0004  0.000000E+0000  1.447001E-0003  2.509035E-0003  4.392227E-0003  2.170459E-0003  1.174981E-0003  3.285497E-0003  2.226888E-0003  1.869299E-0003  1.975768E-0003
  1.363164E-0003  1.447001E-0003  0.000000E+0000  2.490268E-0003  3.738953E-0003  2.181764E-0003  8.811898E-0004  4.526414E-0003  1.480582E-0003  2.218936E-0003  2.729034E-0003
  5.666135E-0004  2.509035E-0003  2.490268E-0003  0.000000E+0000  1.296696E-0002  9.535998E-0003  1.337210E-0003  1.300024E-0002  4.649682E-0003  9.029645E-0003  4.269417E-0003
  4.741863E-0003  4.392227E-0003  3.738953E-0003  1.296696E-0002  0.000000E+0000  5.894518E-0003  2.533338E-0003  1.160667E-0002  2.817734E-0003  1.988516E-0003  2.024669E-0003
  1.809047E-0003  2.170459E-0003  2.181764E-0003  9.535998E-0003  5.894518E-0003  0.000000E+0000  1.785936E-0003  7.175025E-0003  3.141604E-0003  3.269460E-0003  2.861081E-0003
  1.503479E-0003  1.174981E-0003  8.811898E-0004  1.337210E-0003  2.533338E-0003  1.785936E-0003  0.000000E+0000  3.157732E-0003  1.836955E-0003  1.349183E-0003  1.944838E-0003
  3.120205E-0003  3.285497E-0003  4.526414E-0003  1.300024E-0002  1.160667E-0002  7.175025E-0003  3.157732E-0003  0.000000E+0000  5.478438E-0003  4.480184E-0003  3.904800E-0003
  2.391138E-0003  2.226888E-0003  1.480582E-0003  4.649682E-0003  2.817734E-0003  3.141604E-0003  1.836955E-0003  5.478438E-0003  0.000000E+0000  2.521147E-0003  2.430259E-0003
  1.348771E-0003  1.869299E-0003  2.218936E-0003  9.029645E-0003  1.988516E-0003  3.269460E-0003  1.349183E-0003  4.480184E-0003  2.521147E-0003  0.000000E+0000  1.741519E-0003
  2.555473E-0003  1.975768E-0003  2.729034E-0003  4.269417E-0003  2.024669E-0003  2.861081E-0003  1.944838E-0003  3.904800E-0003  2.430259E-0003  1.741519E-0003  0.000000E+0000

  0.000000E+0000  1.461878E-0003  4.032538E-0003  7.303079E-0003  1.158586E-0002  4.918068E-0003  2.884426E-0003  4.016863E-0003  6.788613E-0003  2.407119E-0003  1.022062E-0002
  1.461878E-0003  0.000000E+0000  9.909477E-0004  1.443474E-0003  2.263943E-0003  2.209638E-0003  9.720746E-0004  1.443989E-0003  1.674535E-0003  2.671879E-0003  2.667042E-0003
  4.032538E-0003  9.909477E-0004  0.000000E+0000  7.083938E-0003  3.127424E-0003  9.168318E-0003  7.283710E-0004  2.138145E-0003  4.834207E-0003  7.271048E-0003  5.556805E-0003
  7.303079E-0003  1.443474E-0003  7.083938E-0003  0.000000E+0000  1.070717E-0002  2.372287E-0002  3.584368E-0003  5.318671E-0003  7.910520E-0003  2.320054E-0002  9.723214E-0003
  1.158586E-0002  2.263943E-0003  3.127424E-0003  1.070717E-0002  0.000000E+0000  1.583711E-0002  6.155494E-0004  3.342742E-0003  1.262790E-0002  2.151331E-0002  6.864193E-0003
  4.918068E-0003  2.209638E-0003  9.168318E-0003  2.372287E-0002  1.583711E-0002  0.000000E+0000  3.516295E-0003  8.965645E-0003  6.247806E-0003  3.333737E-0002  2.467119E-0002
  2.884426E-0003  9.720746E-0004  7.283710E-0004  3.584368E-0003  6.155494E-0004  3.516295E-0003  0.000000E+0000  7.465524E-0004  3.195853E-0003  4.264476E-0003  2.059879E-0003
  4.016863E-0003  1.443989E-0003  2.138145E-0003  5.318671E-0003  3.342742E-0003  8.965645E-0003  7.465524E-0004  0.000000E+0000  4.021444E-0003  5.340637E-0003  6.850440E-0003
  6.788613E-0003  1.674535E-0003  4.834207E-0003  7.910520E-0003  1.262790E-0002  6.247806E-0003  3.195853E-0003  4.021444E-0003  0.000000E+0000  6.857663E-0003  1.426944E-0002
  2.407119E-0003  2.671879E-0003  7.271048E-0003  2.320054E-0002  2.151331E-0002  3.333737E-0002  4.264476E-0003  5.340637E-0003  6.857663E-0003  0.000000E+0000  2.530738E-0002
  1.022062E-0002  2.667042E-0003  5.556805E-0003  9.723214E-0003  6.864193E-0003  2.467119E-0002  2.059879E-0003  6.850440E-0003  1.426944E-0002  2.530738E-0002  0.000000E+0000
