6661999 = Ignore first line (new format code)
File name: E:\Folders\PhD\ISAD\ISAD_Curry_data\ISAD_EEGs\eLORETA\EEGs_128Hz_200sec-window\Clinical_v_Healthy\T1_healthy_all\H34-ROIlinLagConn-crss.txt
1 = Number of time frames in Time X Frequency decomposition
2 = Number of EEG files
11 = Number Electrodes
25600 = Number of time frames in EEG files
32768 = Number of time frames in EEG files power of 2
7 = Number of matrices
5 = Band type (1=Classical1; 2=Classical2; 3=DiscreteFreqs; 4=AllDiscreteFreqs; 5=UserDefinedBands)
 1.280000E+0002 = Sampling rate Hz
-1.000000E+0002 = Freq1 Hz
-1.000000E+0002 = Freq2 Hz
 3.906250E-0003 = Frequency resolution Hz

  0.000000E+0000  4.492859E-0003  5.784731E-0003  1.903830E-0002  1.209860E-0002  4.958466E-0002  1.857986E-0002  1.150115E-0001  1.965199E-0002  3.338958E-0002  9.238938E-0003
  4.492859E-0003  0.000000E+0000  2.755849E-0003  1.217863E-0002  1.353280E-0002  2.988671E-0002  1.075531E-0002  5.584654E-0002  1.176936E-0002  1.321512E-0002  6.770294E-0003
  5.784731E-0003  2.755849E-0003  0.000000E+0000  9.342650E-0003  1.702427E-0002  4.004783E-0002  1.485209E-0002  1.013046E-0001  1.983742E-0002  2.017802E-0002  1.051554E-0002
  1.903830E-0002  1.217863E-0002  9.342650E-0003  0.000000E+0000  1.380746E-0002  4.011650E-0002  3.986644E-0002  7.422674E-0002  3.046137E-0002  1.702340E-0002  2.930594E-0002
  1.209860E-0002  1.353280E-0002  1.702427E-0002  1.380746E-0002  0.000000E+0000  3.956196E-0002  1.866598E-0002  7.978140E-0002  1.460708E-0002  1.913619E-0002  1.003835E-0002
  4.958466E-0002  2.988671E-0002  4.004783E-0002  4.011650E-0002  3.956196E-0002  0.000000E+0000  3.188515E-0002  4.785360E-0002  4.786165E-0002  4.804241E-0002  5.199882E-0002
  1.857986E-0002  1.075531E-0002  1.485209E-0002  3.986644E-0002  1.866598E-0002  3.188515E-0002  0.000000E+0000  5.560435E-0002  2.292021E-0002  3.317255E-0002  4.342663E-0002
  1.150115E-0001  5.584654E-0002  1.013046E-0001  7.422674E-0002  7.978140E-0002  4.785360E-0002  5.560435E-0002  0.000000E+0000  1.101234E-0001  1.130261E-0001  9.608230E-0002
  1.965199E-0002  1.176936E-0002  1.983742E-0002  3.046137E-0002  1.460708E-0002  4.786165E-0002  2.292021E-0002  1.101234E-0001  0.000000E+0000  2.960910E-0002  1.824196E-0002
  3.338958E-0002  1.321512E-0002  2.017802E-0002  1.702340E-0002  1.913619E-0002  4.804241E-0002  3.317255E-0002  1.130261E-0001  2.960910E-0002  0.000000E+0000  4.699603E-0002
  9.238938E-0003  6.770294E-0003  1.051554E-0002  2.930594E-0002  1.003835E-0002  5.199882E-0002  4.342663E-0002  9.608230E-0002  1.824196E-0002  4.699603E-0002  0.000000E+0000

  0.000000E+0000  5.689861E-0004  1.580111E-0003  2.667684E-0003  1.232078E-0003  1.870209E-0003  1.590036E-0003  1.163407E-0003  9.895556E-0004  8.823168E-0004  1.233286E-0003
  5.689861E-0004  0.000000E+0000  7.473445E-0004  9.437430E-0004  1.572718E-0003  6.882380E-0004  5.103471E-0003  8.079591E-0004  2.224845E-0004  1.050489E-0003  1.355709E-0003
  1.580111E-0003  7.473445E-0004  0.000000E+0000  3.046145E-0003  2.593690E-0003  4.747401E-0003  2.403354E-0003  5.018333E-0003  8.724375E-0004  4.229208E-0003  9.610161E-0004
  2.667684E-0003  9.437430E-0004  3.046145E-0003  0.000000E+0000  2.233495E-0003  5.498807E-0003  2.268789E-0003  3.518814E-0003  2.111337E-0003  7.282586E-0003  3.491359E-0003
  1.232078E-0003  1.572718E-0003  2.593690E-0003  2.233495E-0003  0.000000E+0000  5.287335E-0003  3.526341E-0003  4.742285E-0003  2.054677E-0003  3.971118E-0003  2.179465E-0003
  1.870209E-0003  6.882380E-0004  4.747401E-0003  5.498807E-0003  5.287335E-0003  0.000000E+0000  1.088072E-0002  2.752437E-0003  7.381549E-0004  3.759876E-0003  1.383711E-0002
  1.590036E-0003  5.103471E-0003  2.403354E-0003  2.268789E-0003  3.526341E-0003  1.088072E-0002  0.000000E+0000  3.629816E-0003  2.691875E-0003  4.146061E-0003  1.177710E-0002
  1.163407E-0003  8.079591E-0004  5.018333E-0003  3.518814E-0003  4.742285E-0003  2.752437E-0003  3.629816E-0003  0.000000E+0000  1.842489E-0003  1.795344E-0003  4.107519E-0003
  9.895556E-0004  2.224845E-0004  8.724375E-0004  2.111337E-0003  2.054677E-0003  7.381549E-0004  2.691875E-0003  1.842489E-0003  0.000000E+0000  9.931686E-0004  2.387194E-0003
  8.823168E-0004  1.050489E-0003  4.229208E-0003  7.282586E-0003  3.971118E-0003  3.759876E-0003  4.146061E-0003  1.795344E-0003  9.931686E-0004  0.000000E+0000  7.484283E-0003
  1.233286E-0003  1.355709E-0003  9.610161E-0004  3.491359E-0003  2.179465E-0003  1.383711E-0002  1.177710E-0002  4.107519E-0003  2.387194E-0003  7.484283E-0003  0.000000E+0000

  0.000000E+0000  1.528499E-0002  1.206104E-0002  3.002844E-0002  1.810588E-0002  2.671616E-0002  1.580286E-0002  3.269114E-0002  1.789024E-0002  3.266652E-0002  2.713455E-0002
  1.528499E-0002  0.000000E+0000  3.917010E-0003  1.425586E-0002  6.768676E-0003  3.972882E-0003  4.905574E-0003  1.528658E-0002  1.223702E-0002  1.530917E-0002  2.054811E-0002
  1.206104E-0002  3.917010E-0003  0.000000E+0000  8.293517E-0003  5.797045E-0003  8.311804E-0003  4.753529E-0003  1.028978E-0002  9.409497E-0003  1.232667E-0002  1.759690E-0002
  3.002844E-0002  1.425586E-0002  8.293517E-0003  0.000000E+0000  1.667460E-0002  1.443109E-0002  2.399423E-0002  5.746587E-0003  3.081659E-0002  1.333139E-0002  3.262411E-0002
  1.810588E-0002  6.768676E-0003  5.797045E-0003  1.667460E-0002  0.000000E+0000  1.388932E-0002  8.894423E-0003  1.783003E-0002  1.570025E-0002  1.777187E-0002  2.525781E-0002
  2.671616E-0002  3.972882E-0003  8.311804E-0003  1.443109E-0002  1.388932E-0002  0.000000E+0000  1.606629E-0002  2.087776E-0002  2.298481E-0002  2.506466E-0002  3.090930E-0002
  1.580286E-0002  4.905574E-0003  4.753529E-0003  2.399423E-0002  8.894423E-0003  1.606629E-0002  0.000000E+0000  2.326794E-0002  1.578460E-0002  2.473147E-0002  1.832057E-0002
  3.269114E-0002  1.528658E-0002  1.028978E-0002  5.746587E-0003  1.783003E-0002  2.087776E-0002  2.326794E-0002  0.000000E+0000  3.381078E-0002  1.115872E-0002  3.922031E-0002
  1.789024E-0002  1.223702E-0002  9.409497E-0003  3.081659E-0002  1.570025E-0002  2.298481E-0002  1.578460E-0002  3.381078E-0002  0.000000E+0000  3.205565E-0002  2.350683E-0002
  3.266652E-0002  1.530917E-0002  1.232667E-0002  1.333139E-0002  1.777187E-0002  2.506466E-0002  2.473147E-0002  1.115872E-0002  3.205565E-0002  0.000000E+0000  3.337260E-0002
  2.713455E-0002  2.054811E-0002  1.759690E-0002  3.262411E-0002  2.525781E-0002  3.090930E-0002  1.832057E-0002  3.922031E-0002  2.350683E-0002  3.337260E-0002  0.000000E+0000

  0.000000E+0000  1.696102E-0003  4.574688E-0004  3.282488E-0003  1.978795E-0003  2.195972E-0003  1.740125E-0003  3.472973E-0003  1.968129E-0003  3.353109E-0003  2.290195E-0003
  1.696102E-0003  0.000000E+0000  5.314089E-0004  1.854247E-0003  8.100304E-0004  5.514514E-0004  1.902983E-0003  1.689443E-0003  1.683786E-0003  1.315932E-0003  3.433112E-0003
  4.574688E-0004  5.314089E-0004  0.000000E+0000  2.982597E-0003  5.517000E-0004  2.073479E-0003  1.150272E-0003  2.505753E-0003  8.795163E-0004  3.541482E-0003  1.308396E-0003
  3.282488E-0003  1.854247E-0003  2.982597E-0003  0.000000E+0000  3.098528E-0003  4.895345E-0003  8.779603E-0003  1.671338E-0003  3.975009E-0003  3.395002E-0003  9.533655E-0003
  1.978795E-0003  8.100304E-0004  5.517000E-0004  3.098528E-0003  0.000000E+0000  1.648073E-0003  1.493408E-0003  3.488162E-0003  1.914192E-0003  3.617607E-0003  2.726042E-0003
  2.195972E-0003  5.514514E-0004  2.073479E-0003  4.895345E-0003  1.648073E-0003  0.000000E+0000  4.908751E-0003  4.316755E-0003  2.587341E-0003  7.122246E-0003  4.478652E-0003
  1.740125E-0003  1.902983E-0003  1.150272E-0003  8.779603E-0003  1.493408E-0003  4.908751E-0003  0.000000E+0000  5.440926E-0003  1.733445E-0003  8.339603E-0003  3.428779E-0003
  3.472973E-0003  1.689443E-0003  2.505753E-0003  1.671338E-0003  3.488162E-0003  4.316755E-0003  5.440926E-0003  0.000000E+0000  4.030008E-0003  7.055883E-0004  5.632928E-0003
  1.968129E-0003  1.683786E-0003  8.795163E-0004  3.975009E-0003  1.914192E-0003  2.587341E-0003  1.733445E-0003  4.030008E-0003  0.000000E+0000  3.486639E-0003  4.699658E-0003
  3.353109E-0003  1.315932E-0003  3.541482E-0003  3.395002E-0003  3.617607E-0003  7.122246E-0003  8.339603E-0003  7.055883E-0004  3.486639E-0003  0.000000E+0000  9.561195E-0003
  2.290195E-0003  3.433112E-0003  1.308396E-0003  9.533655E-0003  2.726042E-0003  4.478652E-0003  3.428779E-0003  5.632928E-0003  4.699658E-0003  9.561195E-0003  0.000000E+0000

  0.000000E+0000  3.205593E-0003  1.526429E-0003  1.816004E-0003  2.687975E-0003  1.688398E-0003  3.109576E-0003  5.474787E-0003  1.488671E-0003  3.402911E-0003  4.652542E-0003
  3.205593E-0003  0.000000E+0000  1.006410E-0003  5.535405E-0004  3.190373E-0003  3.152537E-0003  1.181658E-0002  2.524869E-0003  3.622367E-0003  1.419922E-0003  6.022532E-0003
  1.526429E-0003  1.006410E-0003  0.000000E+0000  1.076861E-0003  3.172613E-0003  8.558180E-0004  5.250600E-0003  5.803481E-0003  3.038533E-0003  3.795037E-0003  5.033677E-0003
  1.816004E-0003  5.535405E-0004  1.076861E-0003  0.000000E+0000  3.832058E-0003  2.672201E-0003  8.409606E-0003  8.808137E-0003  4.053014E-0003  6.336782E-0003  6.096702E-0003
  2.687975E-0003  3.190373E-0003  3.172613E-0003  3.832058E-0003  0.000000E+0000  4.461405E-0003  1.350271E-0002  7.842134E-0003  4.980827E-0003  4.227739E-0003  8.994547E-0003
  1.688398E-0003  3.152537E-0003  8.558180E-0004  2.672201E-0003  4.461405E-0003  0.000000E+0000  7.777514E-0003  1.189181E-0002  4.050638E-0003  6.754599E-0003  7.379510E-0003
  3.109576E-0003  1.181658E-0002  5.250600E-0003  8.409606E-0003  1.350271E-0002  7.777514E-0003  0.000000E+0000  1.539752E-0002  7.793867E-0003  8.326435E-0003  1.583039E-0002
  5.474787E-0003  2.524869E-0003  5.803481E-0003  8.808137E-0003  7.842134E-0003  1.189181E-0002  1.539752E-0002  0.000000E+0000  7.357541E-0003  2.861497E-0003  1.734908E-0002
  1.488671E-0003  3.622367E-0003  3.038533E-0003  4.053014E-0003  4.980827E-0003  4.050638E-0003  7.793867E-0003  7.357541E-0003  0.000000E+0000  3.701841E-0003  6.483643E-0003
  3.402911E-0003  1.419922E-0003  3.795037E-0003  6.336782E-0003  4.227739E-0003  6.754599E-0003  8.326435E-0003  2.861497E-0003  3.701841E-0003  0.000000E+0000  9.299551E-0003
  4.652542E-0003  6.022532E-0003  5.033677E-0003  6.096702E-0003  8.994547E-0003  7.379510E-0003  1.583039E-0002  1.734908E-0002  6.483643E-0003  9.299551E-0003  0.000000E+0000

  0.000000E+0000  1.541730E-0003  7.754121E-0004  1.351528E-0003  9.157677E-0004  1.078236E-0003  9.344796E-0004  1.729386E-0003  1.216049E-0003  1.381173E-0003  1.679451E-0003
  1.541730E-0003  0.000000E+0000  3.210193E-0003  3.379253E-0003  4.333321E-0003  1.464491E-0003  2.037245E-0003  6.235442E-0004  3.623140E-0004  1.221822E-0003  3.212420E-0003
  7.754121E-0004  3.210193E-0003  0.000000E+0000  4.459191E-0003  4.146421E-0003  3.247064E-0003  2.265994E-0003  4.875236E-0003  1.490866E-0003  4.652046E-0003  3.993514E-0003
  1.351528E-0003  3.379253E-0003  4.459191E-0003  0.000000E+0000  4.938339E-0003  3.123661E-0003  2.201675E-0003  8.672967E-0003  2.055213E-0003  6.052765E-0003  6.505514E-0003
  9.157677E-0004  4.333321E-0003  4.146421E-0003  4.938339E-0003  0.000000E+0000  2.093849E-0003  1.953561E-0003  6.771226E-0003  2.361382E-0003  4.631849E-0003  4.014763E-0003
  1.078236E-0003  1.464491E-0003  3.247064E-0003  3.123661E-0003  2.093849E-0003  0.000000E+0000  8.608883E-0004  2.324283E-0003  1.486733E-0003  3.842803E-0003  2.103980E-0003
  9.344796E-0004  2.037245E-0003  2.265994E-0003  2.201675E-0003  1.953561E-0003  8.608883E-0004  0.000000E+0000  1.922580E-0003  2.360954E-0003  2.489531E-0003  1.468341E-0003
  1.729386E-0003  6.235442E-0004  4.875236E-0003  8.672967E-0003  6.771226E-0003  2.324283E-0003  1.922580E-0003  0.000000E+0000  1.669829E-0003  4.022231E-0003  4.119039E-0003
  1.216049E-0003  3.623140E-0004  1.490866E-0003  2.055213E-0003  2.361382E-0003  1.486733E-0003  2.360954E-0003  1.669829E-0003  0.000000E+0000  1.638468E-0003  2.232141E-0003
  1.381173E-0003  1.221822E-0003  4.652046E-0003  6.052765E-0003  4.631849E-0003  3.842803E-0003  2.489531E-0003  4.022231E-0003  1.638468E-0003  0.000000E+0000  4.930107E-0003
  1.679451E-0003  3.212420E-0003  3.993514E-0003  6.505514E-0003  4.014763E-0003  2.103980E-0003  1.468341E-0003  4.119039E-0003  2.232141E-0003  4.930107E-0003  0.000000E+0000

  0.000000E+0000  1.923956E-0004  2.250426E-0004  6.029604E-0004  6.046213E-0004  3.473527E-0004  5.256643E-0004  2.421927E-0004  2.750793E-0004  2.754375E-0004  6.385031E-0004
  1.923956E-0004  0.000000E+0000  1.515394E-0004  5.825488E-0004  8.483612E-0004  6.977176E-0005  3.356283E-0004  2.592772E-0004  5.528029E-0005  2.748357E-0004  4.860332E-0004
  2.250426E-0004  1.515394E-0004  0.000000E+0000  4.103363E-0004  5.767348E-0004  9.218772E-0004  2.672262E-0004  7.132059E-0004  3.217129E-0004  3.111043E-0004  4.580864E-0004
  6.029604E-0004  5.825488E-0004  4.103363E-0004  0.000000E+0000  2.427352E-0004  1.343820E-0003  3.670426E-0004  4.856267E-0004  6.415125E-0004  5.456897E-0004  9.082501E-0004
  6.046213E-0004  8.483612E-0004  5.767348E-0004  2.427352E-0004  0.000000E+0000  1.325915E-0003  5.739724E-0004  8.243034E-0004  7.721087E-0004  4.429989E-0004  1.781474E-0003
  3.473527E-0004  6.977176E-0005  9.218772E-0004  1.343820E-0003  1.325915E-0003  0.000000E+0000  4.564472E-0004  7.880141E-0004  2.008524E-0004  5.258578E-0004  1.380618E-0003
  5.256643E-0004  3.356283E-0004  2.672262E-0004  3.670426E-0004  5.739724E-0004  4.564472E-0004  0.000000E+0000  3.081057E-0004  7.101489E-0004  2.458803E-0004  4.338922E-0004
  2.421927E-0004  2.592772E-0004  7.132059E-0004  4.856267E-0004  8.243034E-0004  7.880141E-0004  3.081057E-0004  0.000000E+0000  2.864530E-0004  3.688882E-0004  5.959365E-0004
  2.750793E-0004  5.528029E-0005  3.217129E-0004  6.415125E-0004  7.721087E-0004  2.008524E-0004  7.101489E-0004  2.864530E-0004  0.000000E+0000  3.115965E-0004  7.226086E-0004
  2.754375E-0004  2.748357E-0004  3.111043E-0004  5.456897E-0004  4.429989E-0004  5.258578E-0004  2.458803E-0004  3.688882E-0004  3.115965E-0004  0.000000E+0000  5.311171E-0004
  6.385031E-0004  4.860332E-0004  4.580864E-0004  9.082501E-0004  1.781474E-0003  1.380618E-0003  4.338922E-0004  5.959365E-0004  7.226086E-0004  5.311171E-0004  0.000000E+0000
