6661999 = Ignore first line (new format code)
File name: E:\Folders\PhD\ISAD\ISAD_Curry_data\ISAD_EEGs\eLORETA\EEGs_128Hz_200sec-window\Clinical_v_Healthy\T1_healthy_all\H36-ROIlinLagConn-crss.txt
1 = Number of time frames in Time X Frequency decomposition
3 = Number of EEG files
11 = Number Electrodes
25600 = Number of time frames in EEG files
32768 = Number of time frames in EEG files power of 2
7 = Number of matrices
5 = Band type (1=Classical1; 2=Classical2; 3=DiscreteFreqs; 4=AllDiscreteFreqs; 5=UserDefinedBands)
 1.280000E+0002 = Sampling rate Hz
-1.000000E+0002 = Freq1 Hz
-1.000000E+0002 = Freq2 Hz
 3.906250E-0003 = Frequency resolution Hz

  0.000000E+0000  2.207434E-0002  1.484541E-0002  5.220604E-0002  3.149087E-0002  3.221134E-0002  2.975541E-0002  1.959832E-0002  2.458996E-0002  5.941712E-0002  5.921212E-0002
  2.207434E-0002  0.000000E+0000  9.659708E-0003  1.495965E-0002  4.213380E-0002  2.442430E-0002  2.506061E-0002  2.306596E-0002  2.357334E-0002  2.779639E-0002  3.558150E-0002
  1.484541E-0002  9.659708E-0003  0.000000E+0000  5.833220E-0002  1.156061E-0002  1.929117E-0002  5.687229E-0003  1.514743E-0002  1.823012E-0002  4.211584E-0002  5.493610E-0002
  5.220604E-0002  1.495965E-0002  5.833220E-0002  0.000000E+0000  1.152406E-0001  1.029962E-0001  5.749796E-0002  5.035689E-0002  5.215693E-0002  1.051691E-0001  8.194852E-0002
  3.149087E-0002  4.213380E-0002  1.156061E-0002  1.152406E-0001  0.000000E+0000  7.541313E-0002  3.727510E-0002  2.888943E-0002  2.614340E-0002  1.139267E-0001  8.523928E-0002
  3.221134E-0002  2.442430E-0002  1.929117E-0002  1.029962E-0001  7.541313E-0002  0.000000E+0000  2.443060E-0002  1.958011E-0002  1.765683E-0002  9.844654E-0002  4.880274E-0002
  2.975541E-0002  2.506061E-0002  5.687229E-0003  5.749796E-0002  3.727510E-0002  2.443060E-0002  0.000000E+0000  4.193344E-0002  3.472728E-0002  8.087073E-0002  6.630258E-0002
  1.959832E-0002  2.306596E-0002  1.514743E-0002  5.035689E-0002  2.888943E-0002  1.958011E-0002  4.193344E-0002  0.000000E+0000  4.056652E-0002  7.953040E-0002  6.458510E-0002
  2.458996E-0002  2.357334E-0002  1.823012E-0002  5.215693E-0002  2.614340E-0002  1.765683E-0002  3.472728E-0002  4.056652E-0002  0.000000E+0000  6.925385E-0002  8.478308E-0002
  5.941712E-0002  2.779639E-0002  4.211584E-0002  1.051691E-0001  1.139267E-0001  9.844654E-0002  8.087073E-0002  7.953040E-0002  6.925385E-0002  0.000000E+0000  8.351336E-0002
  5.921212E-0002  3.558150E-0002  5.493610E-0002  8.194852E-0002  8.523928E-0002  4.880274E-0002  6.630258E-0002  6.458510E-0002  8.478308E-0002  8.351336E-0002  0.000000E+0000

  0.000000E+0000  1.128084E-0002  2.418804E-0003  5.973985E-0003  4.937429E-0003  1.584364E-0002  6.696164E-0003  2.367721E-0002  1.373760E-0002  1.621296E-0002  3.965746E-0003
  1.128084E-0002  0.000000E+0000  6.460315E-0003  1.789501E-0002  1.381040E-0002  2.122426E-0002  1.669794E-0002  3.768369E-0002  1.576065E-0002  3.528460E-0002  1.660046E-0002
  2.418804E-0003  6.460315E-0003  0.000000E+0000  2.107279E-0003  5.889435E-0003  8.822559E-0003  3.672079E-0004  8.401703E-0003  1.786341E-0003  5.885117E-0003  1.000617E-0003
  5.973985E-0003  1.789501E-0002  2.107279E-0003  0.000000E+0000  2.210295E-0002  8.501256E-0002  1.975076E-0003  2.805680E-0002  1.145278E-0002  6.851561E-0002  8.628478E-0003
  4.937429E-0003  1.381040E-0002  5.889435E-0003  2.210295E-0002  0.000000E+0000  1.880540E-0002  1.083313E-0002  3.275450E-0002  1.098309E-0002  2.519506E-0002  1.042067E-0002
  1.584364E-0002  2.122426E-0002  8.822559E-0003  8.501256E-0002  1.880540E-0002  0.000000E+0000  2.899031E-0002  3.592864E-0002  1.572187E-0002  6.647494E-0002  2.851012E-0002
  6.696164E-0003  1.669794E-0002  3.672079E-0004  1.975076E-0003  1.083313E-0002  2.899031E-0002  0.000000E+0000  1.501850E-0002  4.261147E-0003  1.731404E-0002  5.085035E-0003
  2.367721E-0002  3.768369E-0002  8.401703E-0003  2.805680E-0002  3.275450E-0002  3.592864E-0002  1.501850E-0002  0.000000E+0000  2.286813E-0002  3.510934E-0002  4.266411E-0002
  1.373760E-0002  1.576065E-0002  1.786341E-0003  1.145278E-0002  1.098309E-0002  1.572187E-0002  4.261147E-0003  2.286813E-0002  0.000000E+0000  1.201407E-0002  1.254119E-0002
  1.621296E-0002  3.528460E-0002  5.885117E-0003  6.851561E-0002  2.519506E-0002  6.647494E-0002  1.731404E-0002  3.510934E-0002  1.201407E-0002  0.000000E+0000  2.919892E-0002
  3.965746E-0003  1.660046E-0002  1.000617E-0003  8.628478E-0003  1.042067E-0002  2.851012E-0002  5.085035E-0003  4.266411E-0002  1.254119E-0002  2.919892E-0002  0.000000E+0000

  0.000000E+0000  2.678316E-0003  1.079427E-0003  4.413195E-0003  6.873386E-0003  5.928080E-0003  3.544243E-0003  7.700232E-0003  3.082300E-0003  1.831019E-0002  7.793209E-0003
  2.678316E-0003  0.000000E+0000  3.100812E-0003  4.436411E-0003  5.362788E-0003  3.209884E-0003  2.705754E-0003  1.001365E-0002  4.813093E-0003  1.876258E-0002  6.764209E-0003
  1.079427E-0003  3.100812E-0003  0.000000E+0000  3.514583E-0003  2.604596E-0003  5.771701E-0003  3.439496E-0003  4.490440E-0003  7.156466E-0003  7.365671E-0003  6.252479E-0003
  4.413195E-0003  4.436411E-0003  3.514583E-0003  0.000000E+0000  4.807571E-0003  2.961328E-0002  6.482552E-0003  1.057948E-0002  5.886653E-0003  1.923099E-0002  3.587329E-0003
  6.873386E-0003  5.362788E-0003  2.604596E-0003  4.807571E-0003  0.000000E+0000  1.917760E-0002  7.989202E-0003  2.122362E-0002  1.938100E-0002  4.086408E-0002  2.245242E-0002
  5.928080E-0003  3.209884E-0003  5.771701E-0003  2.961328E-0002  1.917760E-0002  0.000000E+0000  6.266551E-0003  4.338594E-0003  5.751023E-0003  2.722640E-0002  1.632686E-0002
  3.544243E-0003  2.705754E-0003  3.439496E-0003  6.482552E-0003  7.989202E-0003  6.266551E-0003  0.000000E+0000  7.078769E-0003  5.608628E-0003  2.869193E-0003  1.143968E-0002
  7.700232E-0003  1.001365E-0002  4.490440E-0003  1.057948E-0002  2.122362E-0002  4.338594E-0003  7.078769E-0003  0.000000E+0000  1.316036E-0002  2.792482E-0002  1.552590E-0002
  3.082300E-0003  4.813093E-0003  7.156466E-0003  5.886653E-0003  1.938100E-0002  5.751023E-0003  5.608628E-0003  1.316036E-0002  0.000000E+0000  6.883538E-0003  8.649330E-0003
  1.831019E-0002  1.876258E-0002  7.365671E-0003  1.923099E-0002  4.086408E-0002  2.722640E-0002  2.869193E-0003  2.792482E-0002  6.883538E-0003  0.000000E+0000  2.459786E-0002
  7.793209E-0003  6.764209E-0003  6.252479E-0003  3.587329E-0003  2.245242E-0002  1.632686E-0002  1.143968E-0002  1.552590E-0002  8.649330E-0003  2.459786E-0002  0.000000E+0000

  0.000000E+0000  7.822206E-0004  3.804409E-0004  1.324206E-0002  3.049964E-0003  7.890223E-0003  1.982503E-0003  2.157592E-0003  8.334460E-0004  1.092165E-0002  3.416370E-0003
  7.822206E-0004  0.000000E+0000  8.581078E-0004  9.025759E-0003  2.474478E-0003  5.782263E-0003  5.560570E-0004  2.163971E-0003  5.877298E-0004  5.570938E-0003  1.003977E-0003
  3.804409E-0004  8.581078E-0004  0.000000E+0000  1.694942E-0003  5.544602E-0004  1.090037E-0003  2.009715E-0003  6.495899E-0004  1.491791E-0003  2.083465E-0003  2.984053E-0003
  1.324206E-0002  9.025759E-0003  1.694942E-0003  0.000000E+0000  1.780807E-0002  2.125606E-0002  2.106956E-0003  2.198039E-0002  3.825811E-0003  8.933403E-0003  1.433359E-0002
  3.049964E-0003  2.474478E-0003  5.544602E-0004  1.780807E-0002  0.000000E+0000  6.911117E-0003  3.647696E-0003  5.883912E-0003  3.689062E-0003  1.209919E-0002  9.315600E-0003
  7.890223E-0003  5.782263E-0003  1.090037E-0003  2.125606E-0002  6.911117E-0003  0.000000E+0000  5.562192E-0003  1.544247E-0002  2.922956E-0003  2.340658E-0002  1.239540E-0002
  1.982503E-0003  5.560570E-0004  2.009715E-0003  2.106956E-0003  3.647696E-0003  5.562192E-0003  0.000000E+0000  5.041043E-0003  1.630707E-0003  2.480201E-0003  2.975656E-0003
  2.157592E-0003  2.163971E-0003  6.495899E-0004  2.198039E-0002  5.883912E-0003  1.544247E-0002  5.041043E-0003  0.000000E+0000  1.805574E-0003  1.797624E-0002  6.046325E-0003
  8.334460E-0004  5.877298E-0004  1.491791E-0003  3.825811E-0003  3.689062E-0003  2.922956E-0003  1.630707E-0003  1.805574E-0003  0.000000E+0000  2.230674E-0003  1.711502E-0003
  1.092165E-0002  5.570938E-0003  2.083465E-0003  8.933403E-0003  1.209919E-0002  2.340658E-0002  2.480201E-0003  1.797624E-0002  2.230674E-0003  0.000000E+0000  1.004141E-0002
  3.416370E-0003  1.003977E-0003  2.984053E-0003  1.433359E-0002  9.315600E-0003  1.239540E-0002  2.975656E-0003  6.046325E-0003  1.711502E-0003  1.004141E-0002  0.000000E+0000

  0.000000E+0000  8.921638E-0003  5.463209E-0003  1.860410E-0002  2.386447E-0002  1.650276E-0002  2.156038E-0002  2.052450E-0002  4.104063E-0002  1.316252E-0002  3.735696E-0002
  8.921638E-0003  0.000000E+0000  5.309859E-0003  6.817420E-0003  5.082870E-0003  1.494550E-0002  1.061311E-0002  2.319190E-0002  2.442751E-0002  9.519603E-0003  1.777040E-0002
  5.463209E-0003  5.309859E-0003  0.000000E+0000  3.228804E-0003  5.328482E-0003  6.516584E-0003  4.260696E-0003  1.167886E-0002  6.455104E-0003  7.276268E-0003  1.248815E-0002
  1.860410E-0002  6.817420E-0003  3.228804E-0003  0.000000E+0000  1.148636E-0002  3.256816E-0002  6.184663E-0003  1.497820E-0002  2.202462E-0002  1.522735E-0002  1.109599E-0002
  2.386447E-0002  5.082870E-0003  5.328482E-0003  1.148636E-0002  0.000000E+0000  3.876115E-0002  1.348841E-0002  5.186803E-0002  3.822628E-0002  5.329248E-0003  2.261824E-0002
  1.650276E-0002  1.494550E-0002  6.516584E-0003  3.256816E-0002  3.876115E-0002  0.000000E+0000  2.195759E-0002  2.254746E-0002  3.204010E-0002  2.235617E-0002  5.911086E-0002
  2.156038E-0002  1.061311E-0002  4.260696E-0003  6.184663E-0003  1.348841E-0002  2.195759E-0002  0.000000E+0000  3.301767E-0002  2.316446E-0002  9.359680E-0003  2.760512E-0002
  2.052450E-0002  2.319190E-0002  1.167886E-0002  1.497820E-0002  5.186803E-0002  2.254746E-0002  3.301767E-0002  0.000000E+0000  6.526235E-0002  3.964432E-0002  7.592268E-0002
  4.104063E-0002  2.442751E-0002  6.455104E-0003  2.202462E-0002  3.822628E-0002  3.204010E-0002  2.316446E-0002  6.526235E-0002  0.000000E+0000  3.281935E-0002  5.053528E-0002
  1.316252E-0002  9.519603E-0003  7.276268E-0003  1.522735E-0002  5.329248E-0003  2.235617E-0002  9.359680E-0003  3.964432E-0002  3.281935E-0002  0.000000E+0000  2.198862E-0002
  3.735696E-0002  1.777040E-0002  1.248815E-0002  1.109599E-0002  2.261824E-0002  5.911086E-0002  2.760512E-0002  7.592268E-0002  5.053528E-0002  2.198862E-0002  0.000000E+0000

  0.000000E+0000  2.163334E-0003  8.355177E-0004  8.135157E-0003  1.729078E-0003  8.084678E-0003  1.690581E-0003  4.276732E-0003  1.940426E-0003  1.231016E-0002  6.027192E-0003
  2.163334E-0003  0.000000E+0000  2.087171E-0003  2.741549E-0003  1.776793E-0003  3.264719E-0003  1.875611E-0003  5.103147E-0003  3.519827E-0003  4.035410E-0003  1.964208E-0003
  8.355177E-0004  2.087171E-0003  0.000000E+0000  2.023309E-0003  2.871382E-0003  3.665037E-0003  2.081922E-0003  1.552683E-0003  3.688956E-0003  3.437765E-0003  4.115550E-0003
  8.135157E-0003  2.741549E-0003  2.023309E-0003  0.000000E+0000  6.704912E-0003  1.496940E-0002  3.119803E-0003  1.249804E-0002  2.855140E-0003  9.222635E-0003  3.323541E-0003
  1.729078E-0003  1.776793E-0003  2.871382E-0003  6.704912E-0003  0.000000E+0000  7.030463E-0003  6.072882E-0003  3.520852E-0003  9.261676E-0003  1.036014E-0002  7.294882E-0003
  8.084678E-0003  3.264719E-0003  3.665037E-0003  1.496940E-0002  7.030463E-0003  0.000000E+0000  1.074998E-0003  1.091650E-0002  4.175229E-0003  1.123395E-0002  4.561595E-0003
  1.690581E-0003  1.875611E-0003  2.081922E-0003  3.119803E-0003  6.072882E-0003  1.074998E-0003  0.000000E+0000  1.516755E-0003  7.805051E-0004  3.636737E-0003  1.394227E-0003
  4.276732E-0003  5.103147E-0003  1.552683E-0003  1.249804E-0002  3.520852E-0003  1.091650E-0002  1.516755E-0003  0.000000E+0000  9.697673E-0003  2.667917E-0002  1.660606E-0002
  1.940426E-0003  3.519827E-0003  3.688956E-0003  2.855140E-0003  9.261676E-0003  4.175229E-0003  7.805051E-0004  9.697673E-0003  0.000000E+0000  3.976038E-0003  2.758018E-0003
  1.231016E-0002  4.035410E-0003  3.437765E-0003  9.222635E-0003  1.036014E-0002  1.123395E-0002  3.636737E-0003  2.667917E-0002  3.976038E-0003  0.000000E+0000  8.459081E-0003
  6.027192E-0003  1.964208E-0003  4.115550E-0003  3.323541E-0003  7.294882E-0003  4.561595E-0003  1.394227E-0003  1.660606E-0002  2.758018E-0003  8.459081E-0003  0.000000E+0000

  0.000000E+0000  2.301089E-0003  2.909890E-0003  1.467782E-0003  3.671385E-0003  1.551756E-0003  5.955294E-0003  1.219104E-0002  3.731416E-0003  5.883975E-0003  3.296978E-0003
  2.301089E-0003  0.000000E+0000  1.893950E-0003  1.858874E-0002  4.204191E-0003  8.471463E-0003  3.730797E-0003  1.285905E-0002  1.011561E-0002  3.292533E-0002  1.528884E-0002
  2.909890E-0003  1.893950E-0003  0.000000E+0000  3.881399E-0003  4.993263E-0003  2.389109E-0003  7.370326E-0003  3.209877E-0003  2.822556E-0003  4.991904E-0003  7.969808E-0003
  1.467782E-0003  1.858874E-0002  3.881399E-0003  0.000000E+0000  1.752166E-0002  3.912611E-0002  1.943367E-0003  1.767767E-0002  9.561083E-0004  2.990940E-0002  6.737871E-0004
  3.671385E-0003  4.204191E-0003  4.993263E-0003  1.752166E-0002  0.000000E+0000  9.300307E-0003  1.410612E-0002  1.636388E-0002  5.066040E-0003  3.232034E-0002  2.144274E-0002
  1.551756E-0003  8.471463E-0003  2.389109E-0003  3.912611E-0002  9.300307E-0003  0.000000E+0000  4.436959E-0003  1.445264E-0002  6.648272E-0003  3.505081E-0002  7.651795E-0003
  5.955294E-0003  3.730797E-0003  7.370326E-0003  1.943367E-0003  1.410612E-0002  4.436959E-0003  0.000000E+0000  3.377481E-0003  5.777748E-0003  4.682125E-0003  6.703765E-0003
  1.219104E-0002  1.285905E-0002  3.209877E-0003  1.767767E-0002  1.636388E-0002  1.445264E-0002  3.377481E-0003  0.000000E+0000  1.137121E-0002  1.712142E-0002  1.712283E-0002
  3.731416E-0003  1.011561E-0002  2.822556E-0003  9.561083E-0004  5.066040E-0003  6.648272E-0003  5.777748E-0003  1.137121E-0002  0.000000E+0000  1.082259E-0002  1.041590E-0003
  5.883975E-0003  3.292533E-0002  4.991904E-0003  2.990940E-0002  3.232034E-0002  3.505081E-0002  4.682125E-0003  1.712142E-0002  1.082259E-0002  0.000000E+0000  2.160844E-0002
  3.296978E-0003  1.528884E-0002  7.969808E-0003  6.737871E-0004  2.144274E-0002  7.651795E-0003  6.703765E-0003  1.712283E-0002  1.041590E-0003  2.160844E-0002  0.000000E+0000
