6661999 = Ignore first line (new format code)
File name: E:\Folders\PhD\ISAD\ISAD_Curry_data\ISAD_EEGs\eLORETA\EEGs_128Hz_200sec-window\Clinical_v_Healthy\T1_healthy_all\H39-ROIlinLagConn-crss.txt
1 = Number of time frames in Time X Frequency decomposition
3 = Number of EEG files
11 = Number Electrodes
25600 = Number of time frames in EEG files
32768 = Number of time frames in EEG files power of 2
7 = Number of matrices
5 = Band type (1=Classical1; 2=Classical2; 3=DiscreteFreqs; 4=AllDiscreteFreqs; 5=UserDefinedBands)
 1.280000E+0002 = Sampling rate Hz
-1.000000E+0002 = Freq1 Hz
-1.000000E+0002 = Freq2 Hz
 3.906250E-0003 = Frequency resolution Hz

  0.000000E+0000  3.599061E-0002  1.016673E-0002  4.331654E-0002  4.818142E-0002  9.879672E-0002  6.507135E-0002  5.094129E-0002  1.696720E-0002  6.323572E-0002  1.148565E-0001
  3.599061E-0002  0.000000E+0000  2.737304E-0003  7.449058E-0002  6.741511E-0002  5.305967E-0002  3.944179E-0002  8.614905E-0003  4.626057E-0003  2.212308E-0003  3.988250E-0002
  1.016673E-0002  2.737304E-0003  0.000000E+0000  1.819879E-0002  2.024482E-0002  1.357627E-0002  2.044133E-0002  9.137273E-0003  2.592100E-0003  1.188194E-0002  1.907049E-0002
  4.331654E-0002  7.449058E-0002  1.819879E-0002  0.000000E+0000  7.887539E-0002  6.365219E-0002  1.421177E-0001  1.101567E-0001  7.505631E-0002  1.023920E-0001  1.473262E-0001
  4.818142E-0002  6.741511E-0002  2.024482E-0002  7.887539E-0002  0.000000E+0000  6.603029E-0002  2.392696E-0002  2.662694E-0002  3.465202E-0002  1.295581E-0001  2.853817E-0002
  9.879672E-0002  5.305967E-0002  1.357627E-0002  6.365219E-0002  6.603029E-0002  0.000000E+0000  7.321663E-0002  6.349929E-0002  2.193375E-0002  9.977622E-0002  1.142925E-0001
  6.507135E-0002  3.944179E-0002  2.044133E-0002  1.421177E-0001  2.392696E-0002  7.321663E-0002  0.000000E+0000  8.805349E-0003  1.452508E-0002  1.281614E-0001  5.066111E-0002
  5.094129E-0002  8.614905E-0003  9.137273E-0003  1.101567E-0001  2.662694E-0002  6.349929E-0002  8.805349E-0003  0.000000E+0000  3.987570E-0003  2.428695E-0002  1.628167E-0002
  1.696720E-0002  4.626057E-0003  2.592100E-0003  7.505631E-0002  3.465202E-0002  2.193375E-0002  1.452508E-0002  3.987570E-0003  0.000000E+0000  1.072014E-0002  1.841947E-0002
  6.323572E-0002  2.212308E-0003  1.188194E-0002  1.023920E-0001  1.295581E-0001  9.977622E-0002  1.281614E-0001  2.428695E-0002  1.072014E-0002  0.000000E+0000  1.091514E-0001
  1.148565E-0001  3.988250E-0002  1.907049E-0002  1.473262E-0001  2.853817E-0002  1.142925E-0001  5.066111E-0002  1.628167E-0002  1.841947E-0002  1.091514E-0001  0.000000E+0000

  0.000000E+0000  4.290566E-0003  2.696389E-0003  7.948810E-0003  6.830118E-0003  6.537971E-0003  3.268021E-0003  3.171690E-0003  4.793448E-0003  6.366184E-0003  4.095271E-0003
  4.290566E-0003  0.000000E+0000  4.033050E-0003  4.667974E-0003  2.743531E-0003  6.195230E-0003  2.092659E-0003  7.348189E-0004  1.020015E-0003  1.255126E-0003  3.399824E-0003
  2.696389E-0003  4.033050E-0003  0.000000E+0000  1.293026E-0002  4.293698E-0003  5.972144E-0003  4.746125E-0003  2.162511E-0003  2.668037E-0003  7.632582E-0003  7.026969E-0003
  7.948810E-0003  4.667974E-0003  1.293026E-0002  0.000000E+0000  1.186970E-0002  1.375051E-0002  1.051645E-0002  6.080243E-0003  1.226267E-0002  8.353991E-0003  2.321148E-0003
  6.830118E-0003  2.743531E-0003  4.293698E-0003  1.186970E-0002  0.000000E+0000  1.471474E-0002  3.971735E-0003  1.338092E-0003  4.624713E-0003  3.875501E-0003  3.608506E-0003
  6.537971E-0003  6.195230E-0003  5.972144E-0003  1.375051E-0002  1.471474E-0002  0.000000E+0000  5.742989E-0003  8.040935E-0003  1.228178E-0002  6.667062E-0003  4.965095E-0003
  3.268021E-0003  2.092659E-0003  4.746125E-0003  1.051645E-0002  3.971735E-0003  5.742989E-0003  0.000000E+0000  3.421790E-0003  5.098312E-0003  1.253080E-0002  5.509653E-0003
  3.171690E-0003  7.348189E-0004  2.162511E-0003  6.080243E-0003  1.338092E-0003  8.040935E-0003  3.421790E-0003  0.000000E+0000  2.790575E-0003  5.176235E-0003  6.587544E-0003
  4.793448E-0003  1.020015E-0003  2.668037E-0003  1.226267E-0002  4.624713E-0003  1.228178E-0002  5.098312E-0003  2.790575E-0003  0.000000E+0000  3.649081E-0003  5.013946E-0003
  6.366184E-0003  1.255126E-0003  7.632582E-0003  8.353991E-0003  3.875501E-0003  6.667062E-0003  1.253080E-0002  5.176235E-0003  3.649081E-0003  0.000000E+0000  1.221726E-0002
  4.095271E-0003  3.399824E-0003  7.026969E-0003  2.321148E-0003  3.608506E-0003  4.965095E-0003  5.509653E-0003  6.587544E-0003  5.013946E-0003  1.221726E-0002  0.000000E+0000

  0.000000E+0000  9.419956E-0004  2.109996E-0003  8.044169E-0004  2.159250E-0003  2.515438E-0003  1.997550E-0003  1.197959E-0003  2.126815E-0003  1.298332E-0003  2.025528E-0003
  9.419956E-0004  0.000000E+0000  1.161736E-0003  4.541046E-0004  1.108887E-0003  2.012052E-0003  5.084625E-0004  7.923894E-0004  1.963205E-0003  1.211502E-0003  7.187264E-0004
  2.109996E-0003  1.161736E-0003  0.000000E+0000  1.787988E-0004  3.375878E-0003  3.836866E-0003  1.172787E-0003  1.285446E-0003  1.817827E-0003  2.838188E-0003  1.222897E-0003
  8.044169E-0004  4.541046E-0004  1.787988E-0004  0.000000E+0000  5.000904E-0004  3.941539E-0003  3.755457E-0003  1.164373E-0003  2.838431E-0004  2.656873E-0003  3.876142E-0003
  2.159250E-0003  1.108887E-0003  3.375878E-0003  5.000904E-0004  0.000000E+0000  3.721234E-0003  9.893518E-0004  3.132917E-0003  4.159046E-0003  1.642468E-0003  5.197048E-0004
  2.515438E-0003  2.012052E-0003  3.836866E-0003  3.941539E-0003  3.721234E-0003  0.000000E+0000  3.464080E-0004  1.987922E-0003  5.199528E-0003  2.462120E-0003  1.607299E-0003
  1.997550E-0003  5.084625E-0004  1.172787E-0003  3.755457E-0003  9.893518E-0004  3.464080E-0004  0.000000E+0000  1.774458E-0003  9.610360E-0004  5.322125E-0003  7.347891E-0003
  1.197959E-0003  7.923894E-0004  1.285446E-0003  1.164373E-0003  3.132917E-0003  1.987922E-0003  1.774458E-0003  0.000000E+0000  1.949117E-0003  1.500937E-0003  2.935227E-0003
  2.126815E-0003  1.963205E-0003  1.817827E-0003  2.838431E-0004  4.159046E-0003  5.199528E-0003  9.610360E-0004  1.949117E-0003  0.000000E+0000  2.434351E-0003  1.468821E-0003
  1.298332E-0003  1.211502E-0003  2.838188E-0003  2.656873E-0003  1.642468E-0003  2.462120E-0003  5.322125E-0003  1.500937E-0003  2.434351E-0003  0.000000E+0000  5.048773E-0003
  2.025528E-0003  7.187264E-0004  1.222897E-0003  3.876142E-0003  5.197048E-0004  1.607299E-0003  7.347891E-0003  2.935227E-0003  1.468821E-0003  5.048773E-0003  0.000000E+0000

  0.000000E+0000  4.928073E-0004  4.007230E-0004  2.020286E-0003  5.324926E-0004  1.845375E-0003  1.570104E-0003  8.392911E-0004  3.292811E-0004  1.673231E-0003  3.128419E-0003
  4.928073E-0004  0.000000E+0000  6.894396E-0004  9.049281E-0004  7.778224E-0004  2.574838E-0003  1.229599E-0003  4.072689E-0004  9.410637E-0004  2.010257E-0003  2.744373E-0003
  4.007230E-0004  6.894396E-0004  0.000000E+0000  2.180389E-0003  1.116629E-0003  3.799324E-0003  1.640079E-0003  2.123808E-0003  8.685034E-0004  3.462877E-0003  3.096406E-0003
  2.020286E-0003  9.049281E-0004  2.180389E-0003  0.000000E+0000  2.296159E-0003  6.817457E-0003  1.143904E-0003  1.489923E-0003  2.979184E-0003  2.220118E-0003  4.728109E-0004
  5.324926E-0004  7.778224E-0004  1.116629E-0003  2.296159E-0003  0.000000E+0000  7.645467E-0003  4.702956E-0003  2.563204E-0003  1.172602E-0003  6.412001E-0003  6.431250E-0003
  1.845375E-0003  2.574838E-0003  3.799324E-0003  6.817457E-0003  7.645467E-0003  0.000000E+0000  5.701953E-0003  3.687903E-0003  5.944366E-0003  3.663819E-0003  7.646902E-0003
  1.570104E-0003  1.229599E-0003  1.640079E-0003  1.143904E-0003  4.702956E-0003  5.701953E-0003  0.000000E+0000  2.842860E-0003  2.452725E-0003  4.298727E-0003  1.872074E-0003
  8.392911E-0004  4.072689E-0004  2.123808E-0003  1.489923E-0003  2.563204E-0003  3.687903E-0003  2.842860E-0003  0.000000E+0000  2.620199E-0003  1.051276E-0003  3.663488E-0003
  3.292811E-0004  9.410637E-0004  8.685034E-0004  2.979184E-0003  1.172602E-0003  5.944366E-0003  2.452725E-0003  2.620199E-0003  0.000000E+0000  5.662109E-0003  4.921039E-0003
  1.673231E-0003  2.010257E-0003  3.462877E-0003  2.220118E-0003  6.412001E-0003  3.663819E-0003  4.298727E-0003  1.051276E-0003  5.662109E-0003  0.000000E+0000  3.762008E-0003
  3.128419E-0003  2.744373E-0003  3.096406E-0003  4.728109E-0004  6.431250E-0003  7.646902E-0003  1.872074E-0003  3.663488E-0003  4.921039E-0003  3.762008E-0003  0.000000E+0000

  0.000000E+0000  3.408211E-0003  2.244692E-0002  9.917964E-0003  2.314013E-0002  2.077614E-0002  2.965031E-0002  1.963729E-0002  2.021583E-0002  1.978635E-0002  3.495156E-0002
  3.408211E-0003  0.000000E+0000  1.988142E-0002  5.660080E-0003  1.195028E-0002  1.205740E-0002  2.660448E-0002  1.872047E-0002  1.722617E-0002  8.996814E-0003  2.864874E-0002
  2.244692E-0002  1.988142E-0002  0.000000E+0000  4.086434E-0002  4.955748E-0002  4.495236E-0002  3.014210E-0002  2.279303E-0002  2.697715E-0002  3.192686E-0002  3.804144E-0002
  9.917964E-0003  5.660080E-0003  4.086434E-0002  0.000000E+0000  3.764079E-0002  4.711520E-0002  4.499082E-0002  3.496682E-0002  4.466885E-0002  3.348354E-0002  5.586312E-0002
  2.314013E-0002  1.195028E-0002  4.955748E-0002  3.764079E-0002  0.000000E+0000  4.643046E-0002  6.236993E-0002  4.115013E-0002  5.212802E-0002  3.411249E-0002  5.887498E-0002
  2.077614E-0002  1.205740E-0002  4.495236E-0002  4.711520E-0002  4.643046E-0002  0.000000E+0000  5.471799E-0002  2.988132E-0002  5.110321E-0002  4.543764E-0002  6.014093E-0002
  2.965031E-0002  2.660448E-0002  3.014210E-0002  4.499082E-0002  6.236993E-0002  5.471799E-0002  0.000000E+0000  3.350645E-0002  3.233806E-0002  6.118738E-0002  6.191203E-0002
  1.963729E-0002  1.872047E-0002  2.279303E-0002  3.496682E-0002  4.115013E-0002  2.988132E-0002  3.350645E-0002  0.000000E+0000  2.330159E-0002  3.306948E-0002  3.815020E-0002
  2.021583E-0002  1.722617E-0002  2.697715E-0002  4.466885E-0002  5.212802E-0002  5.110321E-0002  3.233806E-0002  2.330159E-0002  0.000000E+0000  3.173896E-0002  3.741394E-0002
  1.978635E-0002  8.996814E-0003  3.192686E-0002  3.348354E-0002  3.411249E-0002  4.543764E-0002  6.118738E-0002  3.306948E-0002  3.173896E-0002  0.000000E+0000  5.729517E-0002
  3.495156E-0002  2.864874E-0002  3.804144E-0002  5.586312E-0002  5.887498E-0002  6.014093E-0002  6.191203E-0002  3.815020E-0002  3.741394E-0002  5.729517E-0002  0.000000E+0000

  0.000000E+0000  6.192596E-0004  1.485744E-0003  3.044936E-0003  1.198916E-0003  2.686530E-0003  1.265793E-0003  1.002332E-0003  1.301517E-0003  2.995836E-0003  3.654424E-0003
  6.192596E-0004  0.000000E+0000  3.724676E-0004  1.028578E-0003  1.206898E-0003  2.045785E-0003  2.450113E-0003  1.110253E-0003  2.704200E-0004  2.730685E-0003  3.833772E-0003
  1.485744E-0003  3.724676E-0004  0.000000E+0000  8.459285E-0004  2.001497E-0003  1.451367E-0003  4.439016E-0003  1.164441E-0003  1.418256E-0004  7.398293E-0004  5.575022E-0003
  3.044936E-0003  1.028578E-0003  8.459285E-0004  0.000000E+0000  2.666939E-0003  5.876433E-0003  2.320231E-0003  4.015962E-0004  1.738269E-0003  1.271860E-0003  1.124843E-0003
  1.198916E-0003  1.206898E-0003  2.001497E-0003  2.666939E-0003  0.000000E+0000  6.800498E-0003  4.967613E-0003  2.876752E-0003  1.949898E-0003  6.831521E-0003  7.783137E-0003
  2.686530E-0003  2.045785E-0003  1.451367E-0003  5.876433E-0003  6.800498E-0003  0.000000E+0000  1.960495E-0003  1.937407E-0003  1.887895E-0003  6.210423E-0003  5.749873E-0003
  1.265793E-0003  2.450113E-0003  4.439016E-0003  2.320231E-0003  4.967613E-0003  1.960495E-0003  0.000000E+0000  1.228408E-0003  5.440605E-0003  2.528043E-0003  4.570892E-0003
  1.002332E-0003  1.110253E-0003  1.164441E-0003  4.015962E-0004  2.876752E-0003  1.937407E-0003  1.228408E-0003  0.000000E+0000  1.854647E-0003  1.174524E-0003  1.626075E-0003
  1.301517E-0003  2.704200E-0004  1.418256E-0004  1.738269E-0003  1.949898E-0003  1.887895E-0003  5.440605E-0003  1.854647E-0003  0.000000E+0000  1.620310E-0003  7.643595E-0003
  2.995836E-0003  2.730685E-0003  7.398293E-0004  1.271860E-0003  6.831521E-0003  6.210423E-0003  2.528043E-0003  1.174524E-0003  1.620310E-0003  0.000000E+0000  6.060121E-0003
  3.654424E-0003  3.833772E-0003  5.575022E-0003  1.124843E-0003  7.783137E-0003  5.749873E-0003  4.570892E-0003  1.626075E-0003  7.643595E-0003  6.060121E-0003  0.000000E+0000

  0.000000E+0000  4.734534E-0004  1.633805E-0003  1.411443E-0003  1.408203E-0003  1.037178E-0003  2.687507E-0003  1.276655E-0003  1.556750E-0003  1.942065E-0003  2.822548E-0003
  4.734534E-0004  0.000000E+0000  1.791306E-0004  1.480400E-0003  9.337386E-0004  3.248656E-0003  4.389779E-0004  2.195086E-0004  7.382630E-0004  1.193047E-0003  5.361311E-0004
  1.633805E-0003  1.791306E-0004  0.000000E+0000  6.388055E-0004  1.251770E-0003  1.885231E-0003  1.170904E-0003  2.000115E-0004  8.175775E-0005  8.410335E-0004  1.791587E-0003
  1.411443E-0003  1.480400E-0003  6.388055E-0004  0.000000E+0000  1.463161E-0003  2.136799E-0003  3.279401E-0003  6.104055E-0003  1.581674E-0003  4.248628E-0003  3.382962E-0003
  1.408203E-0003  9.337386E-0004  1.251770E-0003  1.463161E-0003  0.000000E+0000  3.970271E-0003  1.350876E-0003  8.687009E-0004  1.940038E-0003  4.757252E-0003  3.973639E-0003
  1.037178E-0003  3.248656E-0003  1.885231E-0003  2.136799E-0003  3.970271E-0003  0.000000E+0000  4.305219E-0003  6.484863E-0003  4.784461E-0003  7.406382E-0003  7.159184E-0003
  2.687507E-0003  4.389779E-0004  1.170904E-0003  3.279401E-0003  1.350876E-0003  4.305219E-0003  0.000000E+0000  4.719854E-0003  4.568891E-0003  8.010561E-0003  5.374295E-0003
  1.276655E-0003  2.195086E-0004  2.000115E-0004  6.104055E-0003  8.687009E-0004  6.484863E-0003  4.719854E-0003  0.000000E+0000  6.424660E-0004  4.851513E-0003  4.897528E-0003
  1.556750E-0003  7.382630E-0004  8.175775E-0005  1.581674E-0003  1.940038E-0003  4.784461E-0003  4.568891E-0003  6.424660E-0004  0.000000E+0000  5.063580E-0003  5.247992E-0003
  1.942065E-0003  1.193047E-0003  8.410335E-0004  4.248628E-0003  4.757252E-0003  7.406382E-0003  8.010561E-0003  4.851513E-0003  5.063580E-0003  0.000000E+0000  8.726967E-0003
  2.822548E-0003  5.361311E-0004  1.791587E-0003  3.382962E-0003  3.973639E-0003  7.159184E-0003  5.374295E-0003  4.897528E-0003  5.247992E-0003  8.726967E-0003  0.000000E+0000
