6661999 = Ignore first line (new format code)
File name: E:\Folders\PhD\ISAD\ISAD_Curry_data\ISAD_EEGs\eLORETA\EEGs_128Hz_200sec-window\Clinical_v_Healthy\T1_healthy_all\H44-ROIlinLagConn-crss.txt
1 = Number of time frames in Time X Frequency decomposition
2 = Number of EEG files
11 = Number Electrodes
25600 = Number of time frames in EEG files
32768 = Number of time frames in EEG files power of 2
7 = Number of matrices
5 = Band type (1=Classical1; 2=Classical2; 3=DiscreteFreqs; 4=AllDiscreteFreqs; 5=UserDefinedBands)
 1.280000E+0002 = Sampling rate Hz
-1.000000E+0002 = Freq1 Hz
-1.000000E+0002 = Freq2 Hz
 3.906250E-0003 = Frequency resolution Hz

  0.000000E+0000  9.502191E-0003  1.334921E-0002  3.821643E-0002  4.607301E-0002  2.654356E-0002  3.987758E-0003  5.946406E-0002  4.010532E-0003  2.217695E-0002  2.037545E-0003
  9.502191E-0003  0.000000E+0000  9.864492E-0003  2.568928E-0002  4.344178E-0002  4.778940E-0002  1.782995E-0002  6.065939E-0002  4.865769E-0003  4.393957E-0002  3.019357E-0002
  1.334921E-0002  9.864492E-0003  0.000000E+0000  3.680756E-0002  1.552390E-0001  3.578395E-0002  3.707466E-0002  8.028542E-0002  3.757123E-0002  1.065281E-0001  1.508829E-0001
  3.821643E-0002  2.568928E-0002  3.680756E-0002  0.000000E+0000  6.847034E-0002  2.659659E-0001  1.268493E-0001  2.392068E-0001  1.134107E-0001  2.696947E-0001  1.407805E-0001
  4.607301E-0002  4.344178E-0002  1.552390E-0001  6.847034E-0002  0.000000E+0000  2.192137E-0001  2.198030E-0001  7.911179E-0002  1.684315E-0001  8.139601E-0002  3.742336E-0001
  2.654356E-0002  4.778940E-0002  3.578395E-0002  2.659659E-0001  2.192137E-0001  0.000000E+0000  3.991424E-0003  5.232215E-0002  2.764219E-0002  2.413329E-0001  1.741414E-0001
  3.987758E-0003  1.782995E-0002  3.707466E-0002  1.268493E-0001  2.198030E-0001  3.991424E-0003  0.000000E+0000  1.519097E-0002  3.615480E-0002  2.668501E-0002  2.005091E-0001
  5.946406E-0002  6.065939E-0002  8.028542E-0002  2.392068E-0001  7.911179E-0002  5.232215E-0002  1.519097E-0002  0.000000E+0000  2.208918E-0002  1.174299E-0001  1.788791E-0001
  4.010532E-0003  4.865769E-0003  3.757123E-0002  1.134107E-0001  1.684315E-0001  2.764219E-0002  3.615480E-0002  2.208918E-0002  0.000000E+0000  4.334420E-0002  1.690948E-0001
  2.217695E-0002  4.393957E-0002  1.065281E-0001  2.696947E-0001  8.139601E-0002  2.413329E-0001  2.668501E-0002  1.174299E-0001  4.334420E-0002  0.000000E+0000  2.051541E-0001
  2.037545E-0003  3.019357E-0002  1.508829E-0001  1.407805E-0001  3.742336E-0001  1.741414E-0001  2.005091E-0001  1.788791E-0001  1.690948E-0001  2.051541E-0001  0.000000E+0000

  0.000000E+0000  1.823483E-0003  5.883768E-0003  5.637137E-0003  9.391193E-0003  6.929702E-0003  5.285610E-0004  2.030536E-0003  2.100632E-0003  4.119473E-0004  2.882987E-0003
  1.823483E-0003  0.000000E+0000  6.417641E-0003  5.074662E-0003  2.628509E-0002  2.653568E-0002  3.565768E-0003  1.123334E-0002  5.114229E-0003  1.117453E-0002  1.318525E-0002
  5.883768E-0003  6.417641E-0003  0.000000E+0000  9.376295E-0003  1.208588E-0002  4.232219E-0002  3.532926E-0003  1.083836E-0002  1.352671E-0003  8.098496E-0003  1.707786E-0002
  5.637137E-0003  5.074662E-0003  9.376295E-0003  0.000000E+0000  2.894456E-0002  2.663746E-0002  1.890631E-0003  1.366497E-0002  5.714349E-0003  1.371159E-0002  2.132940E-0002
  9.391193E-0003  2.628509E-0002  1.208588E-0002  2.894456E-0002  0.000000E+0000  5.729047E-0002  1.730728E-0002  2.472206E-0002  6.869317E-0003  3.456949E-0002  2.968569E-0002
  6.929702E-0003  2.653568E-0002  4.232219E-0002  2.663746E-0002  5.729047E-0002  0.000000E+0000  1.901251E-0002  2.438527E-0002  1.747800E-0002  1.418103E-0002  2.395860E-0002
  5.285610E-0004  3.565768E-0003  3.532926E-0003  1.890631E-0003  1.730728E-0002  1.901251E-0002  0.000000E+0000  6.321194E-0003  3.195591E-0003  5.405405E-0003  1.399420E-0002
  2.030536E-0003  1.123334E-0002  1.083836E-0002  1.366497E-0002  2.472206E-0002  2.438527E-0002  6.321194E-0003  0.000000E+0000  7.956012E-0003  2.068771E-0002  1.665676E-0002
  2.100632E-0003  5.114229E-0003  1.352671E-0003  5.714349E-0003  6.869317E-0003  1.747800E-0002  3.195591E-0003  7.956012E-0003  0.000000E+0000  7.973451E-0003  1.075843E-0002
  4.119473E-0004  1.117453E-0002  8.098496E-0003  1.371159E-0002  3.456949E-0002  1.418103E-0002  5.405405E-0003  2.068771E-0002  7.973451E-0003  0.000000E+0000  2.623039E-0002
  2.882987E-0003  1.318525E-0002  1.707786E-0002  2.132940E-0002  2.968569E-0002  2.395860E-0002  1.399420E-0002  1.665676E-0002  1.075843E-0002  2.623039E-0002  0.000000E+0000

  0.000000E+0000  5.235009E-0004  5.834646E-0004  9.990940E-0004  3.008433E-0003  1.644118E-0003  5.945469E-0004  7.690517E-0004  2.766402E-0004  8.441343E-0004  2.185429E-0003
  5.235009E-0004  0.000000E+0000  1.260563E-0003  6.726946E-0004  3.713364E-0003  5.445094E-0003  1.453559E-0003  4.208651E-0003  1.758155E-0003  5.196570E-0003  1.142566E-0003
  5.834646E-0004  1.260563E-0003  0.000000E+0000  7.219926E-0004  2.774616E-0003  1.518611E-0003  1.317240E-0004  1.509167E-0003  1.307456E-0003  2.023558E-0003  9.749695E-0004
  9.990940E-0004  6.726946E-0004  7.219926E-0004  0.000000E+0000  4.138352E-0003  1.990461E-0003  8.216784E-0004  1.384307E-0003  7.556451E-0004  1.878378E-0003  2.490645E-0003
  3.008433E-0003  3.713364E-0003  2.774616E-0003  4.138352E-0003  0.000000E+0000  1.468430E-0002  5.863722E-0003  1.174009E-0002  8.999373E-0003  1.407599E-0002  7.001275E-0003
  1.644118E-0003  5.445094E-0003  1.518611E-0003  1.990461E-0003  1.468430E-0002  0.000000E+0000  2.961266E-0003  3.226488E-0003  3.798259E-0003  2.114458E-0003  8.625962E-0003
  5.945469E-0004  1.453559E-0003  1.317240E-0004  8.216784E-0004  5.863722E-0003  2.961266E-0003  0.000000E+0000  3.001279E-0003  9.808048E-0005  2.643216E-0003  2.247387E-0003
  7.690517E-0004  4.208651E-0003  1.509167E-0003  1.384307E-0003  1.174009E-0002  3.226488E-0003  3.001279E-0003  0.000000E+0000  5.194000E-0003  2.210941E-0003  9.214616E-0003
  2.766402E-0004  1.758155E-0003  1.307456E-0003  7.556451E-0004  8.999373E-0003  3.798259E-0003  9.808048E-0005  5.194000E-0003  0.000000E+0000  7.212242E-0003  2.558590E-0003
  8.441343E-0004  5.196570E-0003  2.023558E-0003  1.878378E-0003  1.407599E-0002  2.114458E-0003  2.643216E-0003  2.210941E-0003  7.212242E-0003  0.000000E+0000  9.716424E-0003
  2.185429E-0003  1.142566E-0003  9.749695E-0004  2.490645E-0003  7.001275E-0003  8.625962E-0003  2.247387E-0003  9.214616E-0003  2.558590E-0003  9.716424E-0003  0.000000E+0000

  0.000000E+0000  8.222587E-0005  2.300380E-0004  3.670376E-0003  3.889523E-0004  3.978957E-0004  1.696606E-0004  3.047671E-0004  2.109532E-0004  3.860708E-0004  4.620858E-0004
  8.222587E-0005  0.000000E+0000  2.666260E-0004  1.637718E-0002  5.625655E-0004  2.064678E-0003  8.094857E-0004  1.561484E-0003  4.144960E-0004  1.570762E-0003  4.244718E-0004
  2.300380E-0004  2.666260E-0004  0.000000E+0000  2.040509E-0003  1.043025E-0003  1.823085E-0003  1.114888E-0003  2.222227E-0003  6.416286E-0004  1.493750E-0003  2.155418E-0003
  3.670376E-0003  1.637718E-0002  2.040509E-0003  0.000000E+0000  3.906357E-0002  3.605034E-0003  2.999437E-0003  9.695158E-0003  2.242404E-0003  8.534944E-0003  1.331950E-0002
  3.889523E-0004  5.625655E-0004  1.043025E-0003  3.906357E-0002  0.000000E+0000  6.836188E-0003  2.784749E-0003  5.980381E-0003  1.239992E-0003  4.798659E-0003  3.356255E-0003
  3.978957E-0004  2.064678E-0003  1.823085E-0003  3.605034E-0003  6.836188E-0003  0.000000E+0000  4.541763E-0004  1.155666E-0003  1.292807E-0003  3.583368E-0003  4.512697E-0003
  1.696606E-0004  8.094857E-0004  1.114888E-0003  2.999437E-0003  2.784749E-0003  4.541763E-0004  0.000000E+0000  4.060200E-0004  2.159434E-0004  1.742931E-0003  1.028484E-0003
  3.047671E-0004  1.561484E-0003  2.222227E-0003  9.695158E-0003  5.980381E-0003  1.155666E-0003  4.060200E-0004  0.000000E+0000  4.600525E-0004  2.081210E-0003  2.244698E-0003
  2.109532E-0004  4.144960E-0004  6.416286E-0004  2.242404E-0003  1.239992E-0003  1.292807E-0003  2.159434E-0004  4.600525E-0004  0.000000E+0000  9.591980E-0004  2.472021E-0003
  3.860708E-0004  1.570762E-0003  1.493750E-0003  8.534944E-0003  4.798659E-0003  3.583368E-0003  1.742931E-0003  2.081210E-0003  9.591980E-0004  0.000000E+0000  3.521653E-0003
  4.620858E-0004  4.244718E-0004  2.155418E-0003  1.331950E-0002  3.356255E-0003  4.512697E-0003  1.028484E-0003  2.244698E-0003  2.472021E-0003  3.521653E-0003  0.000000E+0000

  0.000000E+0000  8.406096E-0004  1.004709E-0002  5.559782E-0003  1.293112E-0002  3.364516E-0002  2.276253E-0002  1.326679E-0002  1.742427E-0002  2.689541E-0002  7.922822E-0002
  8.406096E-0004  0.000000E+0000  8.335396E-0003  2.392225E-0002  8.354971E-0003  6.370743E-0002  4.264531E-0002  2.133003E-0002  1.761199E-0002  5.349077E-0002  1.187620E-0001
  1.004709E-0002  8.335396E-0003  0.000000E+0000  2.474166E-0002  9.491389E-0003  4.025982E-0002  2.713988E-0002  1.546654E-0002  7.604934E-0003  3.135532E-0002  6.635244E-0002
  5.559782E-0003  2.392225E-0002  2.474166E-0002  0.000000E+0000  1.533411E-0001  1.120888E-0001  8.296074E-0002  9.652792E-0002  6.394446E-0002  1.151216E-0001  1.694066E-0001
  1.293112E-0002  8.354971E-0003  9.491389E-0003  1.533411E-0001  0.000000E+0000  1.470368E-0001  1.185951E-0001  9.810679E-0002  2.301728E-0002  1.483607E-0001  2.387100E-0001
  3.364516E-0002  6.370743E-0002  4.025982E-0002  1.120888E-0001  1.470368E-0001  0.000000E+0000  5.360096E-0002  5.383945E-0002  7.487603E-0002  1.006433E-0001  2.684381E-0001
  2.276253E-0002  4.264531E-0002  2.713988E-0002  8.296074E-0002  1.185951E-0001  5.360096E-0002  0.000000E+0000  3.072806E-0002  2.967557E-0002  4.359814E-0002  1.011264E-0001
  1.326679E-0002  2.133003E-0002  1.546654E-0002  9.652792E-0002  9.810679E-0002  5.383945E-0002  3.072806E-0002  0.000000E+0000  5.134204E-0002  8.467351E-0002  1.987555E-0001
  1.742427E-0002  1.761199E-0002  7.604934E-0003  6.394446E-0002  2.301728E-0002  7.487603E-0002  2.967557E-0002  5.134204E-0002  0.000000E+0000  7.527537E-0002  4.961610E-0002
  2.689541E-0002  5.349077E-0002  3.135532E-0002  1.151216E-0001  1.483607E-0001  1.006433E-0001  4.359814E-0002  8.467351E-0002  7.527537E-0002  0.000000E+0000  2.669733E-0001
  7.922822E-0002  1.187620E-0001  6.635244E-0002  1.694066E-0001  2.387100E-0001  2.684381E-0001  1.011264E-0001  1.987555E-0001  4.961610E-0002  2.669733E-0001  0.000000E+0000

  0.000000E+0000  7.970435E-0005  1.685659E-0004  6.616293E-0004  1.671547E-0003  1.077711E-0003  2.234811E-0003  1.739841E-0003  2.506906E-0003  1.132311E-0003  2.902277E-0003
  7.970435E-0005  0.000000E+0000  8.793843E-0005  2.845072E-0004  9.478984E-0004  1.211403E-0003  1.306296E-0003  7.719354E-0004  2.039760E-0003  7.650188E-0004  1.422881E-0003
  1.685659E-0004  8.793843E-0005  0.000000E+0000  9.090172E-0004  1.259292E-0003  2.485559E-0003  1.392950E-0003  1.530888E-0003  5.451435E-0004  2.269119E-0003  4.767180E-0003
  6.616293E-0004  2.845072E-0004  9.090172E-0004  0.000000E+0000  5.423291E-0003  3.545479E-0003  8.627419E-0003  3.998756E-0003  8.486538E-0003  5.043095E-0003  1.134815E-0002
  1.671547E-0003  9.478984E-0004  1.259292E-0003  5.423291E-0003  0.000000E+0000  5.708739E-0003  1.136922E-0003  2.720028E-0003  3.303870E-0003  7.370915E-0003  2.249522E-0003
  1.077711E-0003  1.211403E-0003  2.485559E-0003  3.545479E-0003  5.708739E-0003  0.000000E+0000  8.662721E-0004  3.877277E-0003  1.963391E-0003  1.663209E-0003  4.202412E-0003
  2.234811E-0003  1.306296E-0003  1.392950E-0003  8.627419E-0003  1.136922E-0003  8.662721E-0004  0.000000E+0000  1.941616E-0003  2.942438E-0003  1.716243E-0003  2.264351E-0003
  1.739841E-0003  7.719354E-0004  1.530888E-0003  3.998756E-0003  2.720028E-0003  3.877277E-0003  1.941616E-0003  0.000000E+0000  9.350332E-0004  4.520750E-0003  5.316794E-0003
  2.506906E-0003  2.039760E-0003  5.451435E-0004  8.486538E-0003  3.303870E-0003  1.963391E-0003  2.942438E-0003  9.350332E-0004  0.000000E+0000  7.479456E-0004  5.950015E-0003
  1.132311E-0003  7.650188E-0004  2.269119E-0003  5.043095E-0003  7.370915E-0003  1.663209E-0003  1.716243E-0003  4.520750E-0003  7.479456E-0004  0.000000E+0000  2.865983E-0003
  2.902277E-0003  1.422881E-0003  4.767180E-0003  1.134815E-0002  2.249522E-0003  4.202412E-0003  2.264351E-0003  5.316794E-0003  5.950015E-0003  2.865983E-0003  0.000000E+0000

  0.000000E+0000  7.261137E-0004  1.528319E-0003  1.534839E-0003  2.125809E-0003  4.196262E-0003  1.368998E-0003  3.527881E-0003  1.424685E-0003  3.837402E-0003  3.962011E-0003
  7.261137E-0004  0.000000E+0000  1.952726E-0003  1.312758E-0003  2.603987E-0003  3.050675E-0003  2.457697E-0003  3.743072E-0003  2.659295E-0003  3.881551E-0003  5.438969E-0003
  1.528319E-0003  1.952726E-0003  0.000000E+0000  3.342345E-0003  2.772209E-0003  4.208357E-0003  7.561612E-0004  2.217822E-0003  1.480614E-0003  4.277870E-0003  1.715439E-0003
  1.534839E-0003  1.312758E-0003  3.342345E-0003  0.000000E+0000  4.154405E-0003  5.332937E-0003  3.265881E-0003  2.034238E-0003  3.651009E-0003  2.699707E-0003  8.387286E-0003
  2.125809E-0003  2.603987E-0003  2.772209E-0003  4.154405E-0003  0.000000E+0000  1.364629E-0002  6.313734E-0003  1.334110E-0002  7.118859E-0003  1.226000E-0002  8.875593E-0003
  4.196262E-0003  3.050675E-0003  4.208357E-0003  5.332937E-0003  1.364629E-0002  0.000000E+0000  3.339039E-0003  1.850829E-0002  2.064300E-0003  8.363620E-0003  1.070103E-0002
  1.368998E-0003  2.457697E-0003  7.561612E-0004  3.265881E-0003  6.313734E-0003  3.339039E-0003  0.000000E+0000  5.168184E-0003  1.648101E-0003  3.304695E-0003  2.681272E-0003
  3.527881E-0003  3.743072E-0003  2.217822E-0003  2.034238E-0003  1.334110E-0002  1.850829E-0002  5.168184E-0003  0.000000E+0000  3.345380E-0003  2.008572E-0002  6.563285E-0003
  1.424685E-0003  2.659295E-0003  1.480614E-0003  3.651009E-0003  7.118859E-0003  2.064300E-0003  1.648101E-0003  3.345380E-0003  0.000000E+0000  8.726250E-0004  3.951958E-0003
  3.837402E-0003  3.881551E-0003  4.277870E-0003  2.699707E-0003  1.226000E-0002  8.363620E-0003  3.304695E-0003  2.008572E-0002  8.726250E-0004  0.000000E+0000  1.092559E-0002
  3.962011E-0003  5.438969E-0003  1.715439E-0003  8.387286E-0003  8.875593E-0003  1.070103E-0002  2.681272E-0003  6.563285E-0003  3.951958E-0003  1.092559E-0002  0.000000E+0000
