6661999 = Ignore first line (new format code)
File name: E:\Folders\PhD\ISAD\ISAD_Curry_data\ISAD_EEGs\eLORETA\EEGs_128Hz_200sec-window\Clinical_v_Healthy\T1_healthy_all\H52-ROIlinLagConn-crss.txt
1 = Number of time frames in Time X Frequency decomposition
2 = Number of EEG files
11 = Number Electrodes
25600 = Number of time frames in EEG files
32768 = Number of time frames in EEG files power of 2
7 = Number of matrices
5 = Band type (1=Classical1; 2=Classical2; 3=DiscreteFreqs; 4=AllDiscreteFreqs; 5=UserDefinedBands)
 1.280000E+0002 = Sampling rate Hz
-1.000000E+0002 = Freq1 Hz
-1.000000E+0002 = Freq2 Hz
 3.906250E-0003 = Frequency resolution Hz

  0.000000E+0000  9.664447E-0003  1.703777E-0002  1.811987E-0002  1.865269E-0002  1.209788E-0001  1.354064E-0002  6.196195E-0003  1.106587E-0002  9.263600E-0002  1.284352E-0002
  9.664447E-0003  0.000000E+0000  1.191746E-0003  1.524909E-0002  5.138632E-0003  3.793208E-0002  5.474905E-0003  2.083967E-0002  2.841525E-0003  2.279138E-0002  4.610469E-0003
  1.703777E-0002  1.191746E-0003  0.000000E+0000  2.334457E-0002  2.122124E-0002  1.548562E-0001  9.727598E-0003  8.605266E-0002  8.925540E-0003  9.958556E-0002  8.942941E-0003
  1.811987E-0002  1.524909E-0002  2.334457E-0002  0.000000E+0000  1.916889E-0002  9.438230E-0002  2.313224E-0002  2.122037E-0002  3.109125E-0002  3.578831E-0002  4.661312E-0002
  1.865269E-0002  5.138632E-0003  2.122124E-0002  1.916889E-0002  0.000000E+0000  1.170891E-0001  5.729739E-0003  5.676050E-0002  1.375687E-0002  7.287256E-0002  1.262345E-0002
  1.209788E-0001  3.793208E-0002  1.548562E-0001  9.438230E-0002  1.170891E-0001  0.000000E+0000  1.680137E-0002  2.308196E-0001  5.115022E-0002  9.618982E-0002  7.821091E-0002
  1.354064E-0002  5.474905E-0003  9.727598E-0003  2.313224E-0002  5.729739E-0003  1.680137E-0002  0.000000E+0000  2.970357E-0002  1.074199E-0002  2.392603E-0002  2.232988E-0002
  6.196195E-0003  2.083967E-0002  8.605266E-0002  2.122037E-0002  5.676050E-0002  2.308196E-0001  2.970357E-0002  0.000000E+0000  3.893549E-0002  1.647280E-0001  1.914418E-0002
  1.106587E-0002  2.841525E-0003  8.925540E-0003  3.109125E-0002  1.375687E-0002  5.115022E-0002  1.074199E-0002  3.893549E-0002  0.000000E+0000  3.077495E-0002  1.639310E-0002
  9.263600E-0002  2.279138E-0002  9.958556E-0002  3.578831E-0002  7.287256E-0002  9.618982E-0002  2.392603E-0002  1.647280E-0001  3.077495E-0002  0.000000E+0000  4.268979E-0002
  1.284352E-0002  4.610469E-0003  8.942941E-0003  4.661312E-0002  1.262345E-0002  7.821091E-0002  2.232988E-0002  1.914418E-0002  1.639310E-0002  4.268979E-0002  0.000000E+0000

  0.000000E+0000  2.140569E-0003  5.798765E-0003  6.406834E-0003  8.472506E-0003  8.151565E-0003  2.605359E-0003  3.100107E-0003  2.466953E-0003  6.210239E-0003  4.400937E-0003
  2.140569E-0003  0.000000E+0000  3.619948E-0003  1.901596E-0003  4.357215E-0003  6.414173E-0003  1.417913E-0003  4.054017E-0003  1.496542E-0003  1.446231E-0003  1.522125E-0003
  5.798765E-0003  3.619948E-0003  0.000000E+0000  9.761353E-0003  2.820911E-0003  9.556328E-0003  3.160455E-0003  8.973384E-0003  5.061625E-0004  9.390302E-0003  6.554489E-0003
  6.406834E-0003  1.901596E-0003  9.761353E-0003  0.000000E+0000  7.079023E-0003  2.204081E-0002  5.657111E-0003  1.167435E-0002  8.873577E-0003  2.839827E-0002  1.033979E-0002
  8.472506E-0003  4.357215E-0003  2.820911E-0003  7.079023E-0003  0.000000E+0000  6.269652E-0003  5.314611E-0003  1.313045E-0002  5.812729E-0003  8.106178E-0003  4.669503E-0003
  8.151565E-0003  6.414173E-0003  9.556328E-0003  2.204081E-0002  6.269652E-0003  0.000000E+0000  9.770722E-0003  1.416199E-0002  7.448126E-0003  2.691443E-0002  3.224905E-0002
  2.605359E-0003  1.417913E-0003  3.160455E-0003  5.657111E-0003  5.314611E-0003  9.770722E-0003  0.000000E+0000  3.615564E-0003  4.506125E-0003  1.147685E-0002  3.450855E-0003
  3.100107E-0003  4.054017E-0003  8.973384E-0003  1.167435E-0002  1.313045E-0002  1.416199E-0002  3.615564E-0003  0.000000E+0000  6.083866E-0003  1.004384E-0002  1.000787E-0002
  2.466953E-0003  1.496542E-0003  5.061625E-0004  8.873577E-0003  5.812729E-0003  7.448126E-0003  4.506125E-0003  6.083866E-0003  0.000000E+0000  8.497344E-0003  6.134969E-0003
  6.210239E-0003  1.446231E-0003  9.390302E-0003  2.839827E-0002  8.106178E-0003  2.691443E-0002  1.147685E-0002  1.004384E-0002  8.497344E-0003  0.000000E+0000  3.366074E-0002
  4.400937E-0003  1.522125E-0003  6.554489E-0003  1.033979E-0002  4.669503E-0003  3.224905E-0002  3.450855E-0003  1.000787E-0002  6.134969E-0003  3.366074E-0002  0.000000E+0000

  0.000000E+0000  1.504432E-0003  1.976539E-0003  2.114031E-0003  5.333244E-0003  2.301367E-0003  1.697739E-0003  1.482399E-0003  1.674059E-0003  2.099897E-0003  2.863434E-0003
  1.504432E-0003  0.000000E+0000  4.504931E-0004  1.274924E-0003  1.816426E-0003  1.298103E-0003  9.468283E-0004  4.324561E-0004  2.174303E-0003  1.874662E-0003  1.827149E-0003
  1.976539E-0003  4.504931E-0004  0.000000E+0000  6.341368E-0003  3.042315E-0003  5.769349E-0003  5.056273E-0003  3.661495E-0003  2.577683E-0003  6.570069E-0003  5.481709E-0003
  2.114031E-0003  1.274924E-0003  6.341368E-0003  0.000000E+0000  8.811122E-0003  1.830635E-0002  4.988079E-0003  2.506792E-0003  3.326450E-0003  1.375498E-0002  1.273156E-0002
  5.333244E-0003  1.816426E-0003  3.042315E-0003  8.811122E-0003  0.000000E+0000  1.168409E-0002  6.064007E-0003  4.440729E-0003  1.256734E-0002  1.076402E-0002  6.165038E-0003
  2.301367E-0003  1.298103E-0003  5.769349E-0003  1.830635E-0002  1.168409E-0002  0.000000E+0000  1.708285E-0002  5.187912E-0003  4.001615E-0003  2.117543E-0002  1.722215E-0002
  1.697739E-0003  9.468283E-0004  5.056273E-0003  4.988079E-0003  6.064007E-0003  1.708285E-0002  0.000000E+0000  3.398819E-0003  1.805857E-0003  1.550306E-0003  6.671825E-0003
  1.482399E-0003  4.324561E-0004  3.661495E-0003  2.506792E-0003  4.440729E-0003  5.187912E-0003  3.398819E-0003  0.000000E+0000  4.455918E-0003  3.296968E-0003  5.446963E-0003
  1.674059E-0003  2.174303E-0003  2.577683E-0003  3.326450E-0003  1.256734E-0002  4.001615E-0003  1.805857E-0003  4.455918E-0003  0.000000E+0000  3.025942E-0003  2.287653E-0003
  2.099897E-0003  1.874662E-0003  6.570069E-0003  1.375498E-0002  1.076402E-0002  2.117543E-0002  1.550306E-0003  3.296968E-0003  3.025942E-0003  0.000000E+0000  1.015260E-0002
  2.863434E-0003  1.827149E-0003  5.481709E-0003  1.273156E-0002  6.165038E-0003  1.722215E-0002  6.671825E-0003  5.446963E-0003  2.287653E-0003  1.015260E-0002  0.000000E+0000

  0.000000E+0000  6.646629E-0005  1.510586E-0005  7.567718E-0004  6.930115E-0004  6.884579E-0004  1.288765E-0003  8.404790E-0005  1.297491E-0004  8.236943E-0004  2.004541E-0003
  6.646629E-0005  0.000000E+0000  2.225484E-0005  3.913485E-0004  7.042219E-0004  4.241998E-0004  7.322886E-0004  2.154773E-0004  3.268968E-0004  4.470431E-0004  8.233909E-0004
  1.510586E-0005  2.225484E-0005  0.000000E+0000  1.656515E-0003  2.317802E-0004  1.230457E-0003  1.284864E-0003  1.272724E-0004  7.564233E-0005  1.050299E-0003  7.784299E-0004
  7.567718E-0004  3.913485E-0004  1.656515E-0003  0.000000E+0000  9.944644E-0004  2.414498E-0002  1.039976E-0002  1.138885E-0003  1.002579E-0003  1.958869E-0002  1.228235E-0002
  6.930115E-0004  7.042219E-0004  2.317802E-0004  9.944644E-0004  0.000000E+0000  7.600503E-0003  6.193819E-0003  2.221619E-0003  6.506648E-0004  5.982636E-0003  2.437181E-0003
  6.884579E-0004  4.241998E-0004  1.230457E-0003  2.414498E-0002  7.600503E-0003  0.000000E+0000  1.078057E-0002  8.808208E-0004  1.416979E-0003  2.300666E-0002  1.216743E-0002
  1.288765E-0003  7.322886E-0004  1.284864E-0003  1.039976E-0002  6.193819E-0003  1.078057E-0002  0.000000E+0000  2.353743E-0003  1.928246E-0003  1.002156E-0002  1.455960E-0002
  8.404790E-0005  2.154773E-0004  1.272724E-0004  1.138885E-0003  2.221619E-0003  8.808208E-0004  2.353743E-0003  0.000000E+0000  5.301157E-0004  1.140272E-0003  2.376632E-0003
  1.297491E-0004  3.268968E-0004  7.564233E-0005  1.002579E-0003  6.506648E-0004  1.416979E-0003  1.928246E-0003  5.301157E-0004  0.000000E+0000  9.725650E-0004  2.605119E-0003
  8.236943E-0004  4.470431E-0004  1.050299E-0003  1.958869E-0002  5.982636E-0003  2.300666E-0002  1.002156E-0002  1.140272E-0003  9.725650E-0004  0.000000E+0000  9.994787E-0003
  2.004541E-0003  8.233909E-0004  7.784299E-0004  1.228235E-0002  2.437181E-0003  1.216743E-0002  1.455960E-0002  2.376632E-0003  2.605119E-0003  9.994787E-0003  0.000000E+0000

  0.000000E+0000  5.283931E-0004  1.971558E-0003  6.451613E-0003  5.313465E-0003  1.942811E-0003  7.865258E-0003  3.579668E-0004  5.212252E-0003  5.104885E-0003  1.376975E-0002
  5.283931E-0004  0.000000E+0000  5.728686E-0004  1.533883E-0003  1.142124E-0003  3.794436E-0003  2.306100E-0003  7.894345E-0004  1.276062E-0003  1.042159E-0003  1.893650E-0003
  1.971558E-0003  5.728686E-0004  0.000000E+0000  7.689535E-0003  2.760011E-0003  8.838727E-0003  1.904873E-0002  3.312527E-0003  1.522962E-0003  3.483173E-0003  1.454422E-0002
  6.451613E-0003  1.533883E-0003  7.689535E-0003  0.000000E+0000  1.263771E-0002  6.567843E-0002  1.464112E-0002  4.692223E-0003  1.880293E-0003  5.484137E-0002  1.155982E-0002
  5.313465E-0003  1.142124E-0003  2.760011E-0003  1.263771E-0002  0.000000E+0000  4.726087E-0002  3.183613E-0002  7.717534E-0003  2.187472E-0003  2.025466E-0002  8.589295E-0003
  1.942811E-0003  3.794436E-0003  8.838727E-0003  6.567843E-0002  4.726087E-0002  0.000000E+0000  3.704724E-0002  1.848404E-0003  7.287476E-0003  9.768751E-0002  5.888386E-0002
  7.865258E-0003  2.306100E-0003  1.904873E-0002  1.464112E-0002  3.183613E-0002  3.704724E-0002  0.000000E+0000  1.040344E-0002  1.853084E-0002  2.887719E-0002  6.374143E-0002
  3.579668E-0004  7.894345E-0004  3.312527E-0003  4.692223E-0003  7.717534E-0003  1.848404E-0003  1.040344E-0002  0.000000E+0000  7.129875E-0003  3.832388E-0003  1.346167E-0002
  5.212252E-0003  1.276062E-0003  1.522962E-0003  1.880293E-0003  2.187472E-0003  7.287476E-0003  1.853084E-0002  7.129875E-0003  0.000000E+0000  2.341400E-0003  9.074412E-0003
  5.104885E-0003  1.042159E-0003  3.483173E-0003  5.484137E-0002  2.025466E-0002  9.768751E-0002  2.887719E-0002  3.832388E-0003  2.341400E-0003  0.000000E+0000  3.569333E-0002
  1.376975E-0002  1.893650E-0003  1.454422E-0002  1.155982E-0002  8.589295E-0003  5.888386E-0002  6.374143E-0002  1.346167E-0002  9.074412E-0003  3.569333E-0002  0.000000E+0000

  0.000000E+0000  2.341894E-0004  3.806602E-0004  2.421734E-0003  2.152105E-0003  4.086642E-0003  5.349579E-0004  1.371062E-0003  8.568263E-0004  3.389473E-0003  9.174797E-0004
  2.341894E-0004  0.000000E+0000  7.785666E-0004  7.665251E-0004  2.486226E-0003  6.925598E-0004  4.917865E-0004  2.653962E-0004  9.190436E-0004  8.547450E-0004  7.480074E-0004
  3.806602E-0004  7.785666E-0004  0.000000E+0000  2.956697E-0003  7.632700E-0004  2.972118E-0003  8.820767E-0004  5.364322E-0004  3.301936E-0004  2.935443E-0003  7.493931E-0004
  2.421734E-0003  7.665251E-0004  2.956697E-0003  0.000000E+0000  1.018266E-0002  5.165796E-0003  2.575909E-0003  1.978181E-0003  3.916671E-0003  7.720913E-0003  4.048705E-0003
  2.152105E-0003  2.486226E-0003  7.632700E-0004  1.018266E-0002  0.000000E+0000  1.081721E-0002  5.702764E-0003  2.899706E-0003  1.876146E-0003  1.272522E-0002  7.011943E-0003
  4.086642E-0003  6.925598E-0004  2.972118E-0003  5.165796E-0003  1.081721E-0002  0.000000E+0000  4.625875E-0003  3.560550E-0003  4.966701E-0003  9.609413E-0003  8.849964E-0003
  5.349579E-0004  4.917865E-0004  8.820767E-0004  2.575909E-0003  5.702764E-0003  4.625875E-0003  0.000000E+0000  3.214079E-0004  3.107595E-0003  4.490413E-0003  5.144134E-0003
  1.371062E-0003  2.653962E-0004  5.364322E-0004  1.978181E-0003  2.899706E-0003  3.560550E-0003  3.214079E-0004  0.000000E+0000  3.223312E-0003  2.451774E-0003  1.606456E-0003
  8.568263E-0004  9.190436E-0004  3.301936E-0004  3.916671E-0003  1.876146E-0003  4.966701E-0003  3.107595E-0003  3.223312E-0003  0.000000E+0000  3.895743E-0003  3.142286E-0003
  3.389473E-0003  8.547450E-0004  2.935443E-0003  7.720913E-0003  1.272522E-0002  9.609413E-0003  4.490413E-0003  2.451774E-0003  3.895743E-0003  0.000000E+0000  7.837567E-0003
  9.174797E-0004  7.480074E-0004  7.493931E-0004  4.048705E-0003  7.011943E-0003  8.849964E-0003  5.144134E-0003  1.606456E-0003  3.142286E-0003  7.837567E-0003  0.000000E+0000

  0.000000E+0000  3.535788E-0004  1.397917E-0003  1.290582E-0003  1.999859E-0003  4.708590E-0004  3.915588E-0003  1.915347E-0003  3.260438E-0003  1.475794E-0003  5.711408E-0003
  3.535788E-0004  0.000000E+0000  3.333227E-0004  3.578860E-0004  2.925416E-0004  6.865241E-0004  5.146874E-0004  7.528265E-0004  2.680409E-0004  1.159345E-0003  5.896555E-0004
  1.397917E-0003  3.333227E-0004  0.000000E+0000  5.435849E-0004  7.212873E-0004  2.113294E-0003  3.059351E-0003  1.801544E-0003  5.652155E-0004  1.170674E-0004  1.410540E-0003
  1.290582E-0003  3.578860E-0004  5.435849E-0004  0.000000E+0000  3.355485E-0003  1.598144E-0003  1.465931E-0003  9.374960E-0004  1.979771E-0003  1.171076E-0003  5.681462E-0004
  1.999859E-0003  2.925416E-0004  7.212873E-0004  3.355485E-0003  0.000000E+0000  4.544196E-0003  2.449572E-0003  3.124148E-0003  2.167374E-0003  2.017447E-0003  3.436579E-0003
  4.708590E-0004  6.865241E-0004  2.113294E-0003  1.598144E-0003  4.544196E-0003  0.000000E+0000  6.755618E-0003  1.413339E-0003  2.818121E-0003  1.667557E-0003  4.849709E-0003
  3.915588E-0003  5.146874E-0004  3.059351E-0003  1.465931E-0003  2.449572E-0003  6.755618E-0003  0.000000E+0000  3.851437E-0003  1.312081E-0003  1.480570E-0003  1.717105E-0003
  1.915347E-0003  7.528265E-0004  1.801544E-0003  9.374960E-0004  3.124148E-0003  1.413339E-0003  3.851437E-0003  0.000000E+0000  3.229071E-0003  1.776733E-0003  7.134030E-0003
  3.260438E-0003  2.680409E-0004  5.652155E-0004  1.979771E-0003  2.167374E-0003  2.818121E-0003  1.312081E-0003  3.229071E-0003  0.000000E+0000  2.450304E-0003  7.526118E-0004
  1.475794E-0003  1.159345E-0003  1.170674E-0004  1.171076E-0003  2.017447E-0003  1.667557E-0003  1.480570E-0003  1.776733E-0003  2.450304E-0003  0.000000E+0000  1.258464E-0003
  5.711408E-0003  5.896555E-0004  1.410540E-0003  5.681462E-0004  3.436579E-0003  4.849709E-0003  1.717105E-0003  7.134030E-0003  7.526118E-0004  1.258464E-0003  0.000000E+0000
