6661999 = Ignore first line (new format code)
File name: E:\Folders\PhD\ISAD\ISAD_Curry_data\ISAD_EEGs\eLORETA\EEGs_128Hz_200sec-window\Clinical_v_Healthy\T1_healthy_all\H54-ROIlinLagConn-crss.txt
1 = Number of time frames in Time X Frequency decomposition
2 = Number of EEG files
11 = Number Electrodes
25600 = Number of time frames in EEG files
32768 = Number of time frames in EEG files power of 2
7 = Number of matrices
5 = Band type (1=Classical1; 2=Classical2; 3=DiscreteFreqs; 4=AllDiscreteFreqs; 5=UserDefinedBands)
 1.280000E+0002 = Sampling rate Hz
-1.000000E+0002 = Freq1 Hz
-1.000000E+0002 = Freq2 Hz
 3.906250E-0003 = Frequency resolution Hz

  0.000000E+0000  7.123124E-0004  4.660980E-0003  5.090946E-0002  8.280648E-0002  1.049294E-0001  6.435443E-0002  4.855681E-0002  3.921525E-0002  6.365735E-0002  1.607275E-0001
  7.123124E-0004  0.000000E+0000  6.883144E-0004  1.011564E-0003  9.068204E-0003  8.863350E-0003  6.842155E-0003  6.113668E-0003  3.953146E-0003  2.153636E-0003  1.756252E-0002
  4.660980E-0003  6.883144E-0004  0.000000E+0000  1.582736E-0002  1.976561E-0002  4.983100E-0002  2.502875E-0002  3.375936E-0002  9.997199E-0003  2.201952E-0002  5.170788E-0002
  5.090946E-0002  1.011564E-0003  1.582736E-0002  0.000000E+0000  1.590692E-0001  7.569046E-0002  4.886378E-0002  7.211639E-0002  8.342595E-0002  4.014343E-0002  9.984694E-0002
  8.280648E-0002  9.068204E-0003  1.976561E-0002  1.590692E-0001  0.000000E+0000  1.501310E-0001  8.019806E-0002  1.139446E-0001  3.497170E-0002  1.755090E-0001  1.635777E-0001
  1.049294E-0001  8.863350E-0003  4.983100E-0002  7.569046E-0002  1.501310E-0001  0.000000E+0000  9.852456E-0002  1.103847E-0001  1.059807E-0001  8.488464E-0002  7.702553E-0002
  6.435443E-0002  6.842155E-0003  2.502875E-0002  4.886378E-0002  8.019806E-0002  9.852456E-0002  0.000000E+0000  5.825461E-0002  5.307634E-0002  5.570280E-0002  5.987581E-0002
  4.855681E-0002  6.113668E-0003  3.375936E-0002  7.211639E-0002  1.139446E-0001  1.103847E-0001  5.825461E-0002  0.000000E+0000  6.097548E-0002  8.023857E-0002  1.626818E-0001
  3.921525E-0002  3.953146E-0003  9.997199E-0003  8.342595E-0002  3.497170E-0002  1.059807E-0001  5.307634E-0002  6.097548E-0002  0.000000E+0000  1.090866E-0001  1.442170E-0001
  6.365735E-0002  2.153636E-0003  2.201952E-0002  4.014343E-0002  1.755090E-0001  8.488464E-0002  5.570280E-0002  8.023857E-0002  1.090866E-0001  0.000000E+0000  1.144552E-0001
  1.607275E-0001  1.756252E-0002  5.170788E-0002  9.984694E-0002  1.635777E-0001  7.702553E-0002  5.987581E-0002  1.626818E-0001  1.442170E-0001  1.144552E-0001  0.000000E+0000

  0.000000E+0000  1.176946E-0003  1.154266E-0003  1.717478E-0003  4.341725E-0003  6.116067E-0003  2.016559E-0003  1.273926E-0002  7.172756E-0003  5.653212E-0003  4.130241E-0003
  1.176946E-0003  0.000000E+0000  1.543349E-0003  2.389120E-0003  1.170669E-0003  2.455204E-0003  2.776453E-0003  4.174466E-0003  8.808422E-0004  2.456689E-0003  1.689513E-0003
  1.154266E-0003  1.543349E-0003  0.000000E+0000  2.111490E-0004  6.637838E-0004  1.599225E-0003  4.604759E-0004  1.060957E-0003  1.035953E-0004  4.790664E-0004  9.117470E-0004
  1.717478E-0003  2.389120E-0003  2.111490E-0004  0.000000E+0000  7.140347E-0004  2.152222E-0003  7.302227E-0004  2.900462E-0003  2.861884E-0004  4.092572E-0003  1.619223E-0003
  4.341725E-0003  1.170669E-0003  6.637838E-0004  7.140347E-0004  0.000000E+0000  5.484393E-0003  1.267357E-0003  7.143715E-0003  3.293414E-0003  3.247506E-0003  3.168967E-0003
  6.116067E-0003  2.455204E-0003  1.599225E-0003  2.152222E-0003  5.484393E-0003  0.000000E+0000  1.644732E-0003  5.040891E-0003  4.753708E-0003  5.529078E-0003  5.818018E-0003
  2.016559E-0003  2.776453E-0003  4.604759E-0004  7.302227E-0004  1.267357E-0003  1.644732E-0003  0.000000E+0000  5.206176E-0003  3.582954E-0003  4.348530E-0003  2.619900E-0003
  1.273926E-0002  4.174466E-0003  1.060957E-0003  2.900462E-0003  7.143715E-0003  5.040891E-0003  5.206176E-0003  0.000000E+0000  3.377320E-0003  5.096019E-0003  4.422131E-0003
  7.172756E-0003  8.808422E-0004  1.035953E-0004  2.861884E-0004  3.293414E-0003  4.753708E-0003  3.582954E-0003  3.377320E-0003  0.000000E+0000  1.093487E-0003  7.025389E-0003
  5.653212E-0003  2.456689E-0003  4.790664E-0004  4.092572E-0003  3.247506E-0003  5.529078E-0003  4.348530E-0003  5.096019E-0003  1.093487E-0003  0.000000E+0000  5.166146E-0003
  4.130241E-0003  1.689513E-0003  9.117470E-0004  1.619223E-0003  3.168967E-0003  5.818018E-0003  2.619900E-0003  4.422131E-0003  7.025389E-0003  5.166146E-0003  0.000000E+0000

  0.000000E+0000  1.728827E-0003  1.075506E-0003  3.537417E-0003  1.705931E-0003  3.453799E-0003  3.242406E-0003  3.257877E-0003  4.452325E-0003  4.110224E-0003  3.552369E-0003
  1.728827E-0003  0.000000E+0000  8.118848E-0004  1.465187E-0003  3.877321E-0004  1.374976E-0003  1.087253E-0003  1.611438E-0003  1.055575E-0003  2.447197E-0003  1.418936E-0003
  1.075506E-0003  8.118848E-0004  0.000000E+0000  5.191976E-0004  4.085629E-0004  5.383758E-0004  3.003412E-0004  1.774986E-0003  1.435500E-0003  9.018301E-0004  7.663780E-0004
  3.537417E-0003  1.465187E-0003  5.191976E-0004  0.000000E+0000  5.371700E-0004  2.490643E-0003  5.539281E-0004  3.506337E-0003  3.477705E-0003  2.322430E-0003  1.547400E-0003
  1.705931E-0003  3.877321E-0004  4.085629E-0004  5.371700E-0004  0.000000E+0000  1.281434E-0003  4.316810E-0004  3.052486E-0003  1.526915E-0003  5.874651E-0004  4.319460E-0004
  3.453799E-0003  1.374976E-0003  5.383758E-0004  2.490643E-0003  1.281434E-0003  0.000000E+0000  1.439381E-0003  3.015548E-0003  3.377772E-0003  3.559915E-0003  3.070699E-0003
  3.242406E-0003  1.087253E-0003  3.003412E-0004  5.539281E-0004  4.316810E-0004  1.439381E-0003  0.000000E+0000  2.984786E-0003  1.246566E-0003  2.600765E-0003  1.557343E-0003
  3.257877E-0003  1.611438E-0003  1.774986E-0003  3.506337E-0003  3.052486E-0003  3.015548E-0003  2.984786E-0003  0.000000E+0000  5.175618E-0003  4.388107E-0003  4.591295E-0003
  4.452325E-0003  1.055575E-0003  1.435500E-0003  3.477705E-0003  1.526915E-0003  3.377772E-0003  1.246566E-0003  5.175618E-0003  0.000000E+0000  5.904437E-0003  3.328798E-0003
  4.110224E-0003  2.447197E-0003  9.018301E-0004  2.322430E-0003  5.874651E-0004  3.559915E-0003  2.600765E-0003  4.388107E-0003  5.904437E-0003  0.000000E+0000  3.768006E-0003
  3.552369E-0003  1.418936E-0003  7.663780E-0004  1.547400E-0003  4.319460E-0004  3.070699E-0003  1.557343E-0003  4.591295E-0003  3.328798E-0003  3.768006E-0003  0.000000E+0000

  0.000000E+0000  2.523789E-0002  3.792184E-0003  3.588045E-0002  1.295591E-0002  4.266209E-0002  1.889757E-0002  1.752019E-0002  1.347382E-0002  3.822621E-0002  2.112903E-0002
  2.523789E-0002  0.000000E+0000  6.834607E-0003  8.547575E-0003  7.987463E-0003  2.980686E-0002  5.962284E-0003  2.586542E-0002  2.009538E-0002  2.984854E-0002  7.370323E-0003
  3.792184E-0003  6.834607E-0003  0.000000E+0000  3.670443E-0003  4.263682E-0003  9.690922E-0003  2.285629E-0003  5.287743E-0003  4.247633E-0003  1.079127E-0002  2.329850E-0003
  3.588045E-0002  8.547575E-0003  3.670443E-0003  0.000000E+0000  9.199279E-0003  3.681143E-0002  7.544060E-0004  3.110171E-0002  2.910629E-0002  4.264807E-0002  6.594410E-0003
  1.295591E-0002  7.987463E-0003  4.263682E-0003  9.199279E-0003  0.000000E+0000  1.906809E-0002  6.505664E-0003  1.547904E-0002  1.353524E-0002  1.397473E-0002  4.653238E-0003
  4.266209E-0002  2.980686E-0002  9.690922E-0003  3.681143E-0002  1.906809E-0002  0.000000E+0000  1.780065E-0002  3.671722E-0002  3.619665E-0002  5.195676E-0002  2.025039E-0002
  1.889757E-0002  5.962284E-0003  2.285629E-0003  7.544060E-0004  6.505664E-0003  1.780065E-0002  0.000000E+0000  1.718825E-0002  1.819057E-0002  1.318628E-0002  2.581629E-0003
  1.752019E-0002  2.586542E-0002  5.287743E-0003  3.110171E-0002  1.547904E-0002  3.671722E-0002  1.718825E-0002  0.000000E+0000  4.397462E-0003  3.123101E-0002  2.226562E-0002
  1.347382E-0002  2.009538E-0002  4.247633E-0003  2.910629E-0002  1.353524E-0002  3.619665E-0002  1.819057E-0002  4.397462E-0003  0.000000E+0000  3.178937E-0002  1.752460E-0002
  3.822621E-0002  2.984854E-0002  1.079127E-0002  4.264807E-0002  1.397473E-0002  5.195676E-0002  1.318628E-0002  3.123101E-0002  3.178937E-0002  0.000000E+0000  2.213474E-0002
  2.112903E-0002  7.370323E-0003  2.329850E-0003  6.594410E-0003  4.653238E-0003  2.025039E-0002  2.581629E-0003  2.226562E-0002  1.752460E-0002  2.213474E-0002  0.000000E+0000

  0.000000E+0000  5.543851E-0004  5.676548E-0004  1.039148E-0002  8.200549E-0003  1.248823E-0002  5.436286E-0003  5.100927E-0003  9.296128E-0003  7.746686E-0003  7.037241E-0003
  5.543851E-0004  0.000000E+0000  3.845180E-0004  8.746613E-0004  6.030404E-0004  1.056004E-0003  3.467326E-0004  6.528813E-0004  1.121144E-0003  1.086934E-0003  8.119312E-0004
  5.676548E-0004  3.845180E-0004  0.000000E+0000  3.842736E-0003  3.213836E-0003  3.639938E-0003  2.794391E-0003  1.788367E-0003  2.746597E-0003  4.199074E-0003  3.813066E-0003
  1.039148E-0002  8.746613E-0004  3.842736E-0003  0.000000E+0000  7.837184E-0003  1.408625E-0002  4.524921E-0003  1.366261E-0002  1.393388E-0002  7.438294E-0003  6.590336E-0003
  8.200549E-0003  6.030404E-0004  3.213836E-0003  7.837184E-0003  0.000000E+0000  5.734716E-0003  2.331734E-0003  4.796003E-0003  4.639255E-0003  6.263494E-0003  8.757114E-0003
  1.248823E-0002  1.056004E-0003  3.639938E-0003  1.408625E-0002  5.734716E-0003  0.000000E+0000  2.452730E-0003  1.146212E-0002  1.233362E-0002  1.412654E-0002  1.242696E-0002
  5.436286E-0003  3.467326E-0004  2.794391E-0003  4.524921E-0003  2.331734E-0003  2.452730E-0003  0.000000E+0000  5.172186E-0003  6.595316E-0003  3.437015E-0003  5.675354E-0003
  5.100927E-0003  6.528813E-0004  1.788367E-0003  1.366261E-0002  4.796003E-0003  1.146212E-0002  5.172186E-0003  0.000000E+0000  7.211008E-0003  1.373218E-0002  1.520900E-0002
  9.296128E-0003  1.121144E-0003  2.746597E-0003  1.393388E-0002  4.639255E-0003  1.233362E-0002  6.595316E-0003  7.211008E-0003  0.000000E+0000  1.162478E-0002  1.532017E-0002
  7.746686E-0003  1.086934E-0003  4.199074E-0003  7.438294E-0003  6.263494E-0003  1.412654E-0002  3.437015E-0003  1.373218E-0002  1.162478E-0002  0.000000E+0000  5.185028E-0003
  7.037241E-0003  8.119312E-0004  3.813066E-0003  6.590336E-0003  8.757114E-0003  1.242696E-0002  5.675354E-0003  1.520900E-0002  1.532017E-0002  5.185028E-0003  0.000000E+0000

  0.000000E+0000  3.930562E-0004  3.377581E-0004  4.271110E-0003  9.237505E-0004  5.023454E-0003  3.201984E-0003  1.720960E-0003  1.656938E-0003  2.833813E-0003  3.907591E-0003
  3.930562E-0004  0.000000E+0000  2.262455E-0005  7.537846E-0005  1.907432E-0004  1.479920E-0004  1.607104E-0004  1.614197E-0004  2.475834E-0004  2.487560E-0004  1.679812E-0004
  3.377581E-0004  2.262455E-0005  0.000000E+0000  4.973017E-0004  5.364225E-0004  1.209245E-0003  1.325226E-0003  5.185741E-0004  8.695397E-0004  4.373481E-0004  4.350367E-0004
  4.271110E-0003  7.537846E-0005  4.973017E-0004  0.000000E+0000  2.413301E-0003  4.678362E-0003  2.129753E-0003  2.269741E-0003  4.859113E-0003  7.554145E-0003  3.001052E-0003
  9.237505E-0004  1.907432E-0004  5.364225E-0004  2.413301E-0003  0.000000E+0000  3.135625E-0003  3.573247E-0003  9.383843E-0004  1.124278E-0003  2.072369E-0003  2.289298E-0003
  5.023454E-0003  1.479920E-0004  1.209245E-0003  4.678362E-0003  3.135625E-0003  0.000000E+0000  3.820214E-0003  2.934771E-0003  3.893877E-0003  7.713186E-0003  3.359306E-0003
  3.201984E-0003  1.607104E-0004  1.325226E-0003  2.129753E-0003  3.573247E-0003  3.820214E-0003  0.000000E+0000  1.460257E-0003  2.632748E-0003  5.479957E-0003  1.601995E-0003
  1.720960E-0003  1.614197E-0004  5.185741E-0004  2.269741E-0003  9.383843E-0004  2.934771E-0003  1.460257E-0003  0.000000E+0000  7.560212E-0004  3.384707E-0003  2.583107E-0003
  1.656938E-0003  2.475834E-0004  8.695397E-0004  4.859113E-0003  1.124278E-0003  3.893877E-0003  2.632748E-0003  7.560212E-0004  0.000000E+0000  4.690627E-0003  4.722645E-0003
  2.833813E-0003  2.487560E-0004  4.373481E-0004  7.554145E-0003  2.072369E-0003  7.713186E-0003  5.479957E-0003  3.384707E-0003  4.690627E-0003  0.000000E+0000  1.757009E-0003
  3.907591E-0003  1.679812E-0004  4.350367E-0004  3.001052E-0003  2.289298E-0003  3.359306E-0003  1.601995E-0003  2.583107E-0003  4.722645E-0003  1.757009E-0003  0.000000E+0000

  0.000000E+0000  1.045052E-0003  2.721294E-0003  8.077322E-0003  4.960392E-0003  4.223607E-0003  7.987408E-0003  9.533934E-0003  6.862801E-0003  5.808322E-0003  6.184996E-0003
  1.045052E-0003  0.000000E+0000  2.865782E-0004  1.156140E-0003  6.364809E-0004  1.717452E-0003  1.178580E-0003  1.366796E-0003  5.076212E-0004  1.195332E-0003  6.163740E-0004
  2.721294E-0003  2.865782E-0004  0.000000E+0000  5.636325E-0004  9.052184E-0004  3.125242E-0004  7.434115E-0004  2.322351E-0003  1.144411E-0003  6.201086E-0004  2.327908E-0003
  8.077322E-0003  1.156140E-0003  5.636325E-0004  0.000000E+0000  3.378515E-0003  4.064187E-0003  2.722473E-0003  1.046620E-0002  4.594523E-0003  3.661644E-0003  4.088301E-0003
  4.960392E-0003  6.364809E-0004  9.052184E-0004  3.378515E-0003  0.000000E+0000  2.600054E-0003  3.664149E-0003  3.082917E-0003  1.191683E-0003  2.794320E-0003  3.377458E-0003
  4.223607E-0003  1.717452E-0003  3.125242E-0004  4.064187E-0003  2.600054E-0003  0.000000E+0000  2.411847E-0003  7.108593E-0003  2.778480E-0003  4.911934E-0003  5.161900E-0003
  7.987408E-0003  1.178580E-0003  7.434115E-0004  2.722473E-0003  3.664149E-0003  2.411847E-0003  0.000000E+0000  5.477489E-0003  1.949100E-0003  2.844905E-0003  3.282452E-0003
  9.533934E-0003  1.366796E-0003  2.322351E-0003  1.046620E-0002  3.082917E-0003  7.108593E-0003  5.477489E-0003  0.000000E+0000  3.801235E-0003  8.504192E-0003  9.232267E-0003
  6.862801E-0003  5.076212E-0004  1.144411E-0003  4.594523E-0003  1.191683E-0003  2.778480E-0003  1.949100E-0003  3.801235E-0003  0.000000E+0000  4.339628E-0003  5.241518E-0003
  5.808322E-0003  1.195332E-0003  6.201086E-0004  3.661644E-0003  2.794320E-0003  4.911934E-0003  2.844905E-0003  8.504192E-0003  4.339628E-0003  0.000000E+0000  1.800098E-0003
  6.184996E-0003  6.163740E-0004  2.327908E-0003  4.088301E-0003  3.377458E-0003  5.161900E-0003  3.282452E-0003  9.232267E-0003  5.241518E-0003  1.800098E-0003  0.000000E+0000
