6661999 = Ignore first line (new format code)
File name: E:\Folders\PhD\ISAD\ISAD_Curry_data\ISAD_EEGs\eLORETA\EEGs_128Hz_200sec-window\Clinical_v_Healthy\T1_healthy_all\H60-ROIlinLagConn-crss.txt
1 = Number of time frames in Time X Frequency decomposition
3 = Number of EEG files
11 = Number Electrodes
25600 = Number of time frames in EEG files
32768 = Number of time frames in EEG files power of 2
7 = Number of matrices
5 = Band type (1=Classical1; 2=Classical2; 3=DiscreteFreqs; 4=AllDiscreteFreqs; 5=UserDefinedBands)
 1.280000E+0002 = Sampling rate Hz
-1.000000E+0002 = Freq1 Hz
-1.000000E+0002 = Freq2 Hz
 3.906250E-0003 = Frequency resolution Hz

  0.000000E+0000  1.695856E-0003  5.726833E-0003  6.614737E-0003  6.929102E-0003  2.748015E-0003  1.556150E-0002  7.038443E-0003  7.291447E-0003  2.960906E-0003  5.592212E-0002
  1.695856E-0003  0.000000E+0000  2.666428E-0004  1.633388E-0003  1.665858E-0003  7.506136E-0004  2.245657E-0003  1.335232E-0003  1.324147E-0003  3.104421E-0003  3.113460E-0003
  5.726833E-0003  2.666428E-0004  0.000000E+0000  9.805549E-0003  8.304185E-0003  4.810978E-0003  6.846514E-0003  2.643426E-0003  2.676484E-0003  1.126548E-0002  1.215636E-0002
  6.614737E-0003  1.633388E-0003  9.805549E-0003  0.000000E+0000  1.235948E-0002  9.688624E-0003  3.717026E-0002  1.539656E-0002  1.096913E-0002  2.391401E-0002  7.983117E-0002
  6.929102E-0003  1.665858E-0003  8.304185E-0003  1.235948E-0002  0.000000E+0000  3.191356E-0003  2.004884E-0002  1.027446E-0002  8.002220E-0003  1.200785E-0002  6.687360E-0002
  2.748015E-0003  7.506136E-0004  4.810978E-0003  9.688624E-0003  3.191356E-0003  0.000000E+0000  8.656374E-0003  5.275970E-0003  2.428842E-0003  6.708271E-0003  3.150259E-0002
  1.556150E-0002  2.245657E-0003  6.846514E-0003  3.717026E-0002  2.004884E-0002  8.656374E-0003  0.000000E+0000  4.216787E-0003  6.912257E-0003  3.680834E-0002  1.069220E-0001
  7.038443E-0003  1.335232E-0003  2.643426E-0003  1.539656E-0002  1.027446E-0002  5.275970E-0003  4.216787E-0003  0.000000E+0000  2.936179E-0003  1.191320E-0002  3.567912E-0002
  7.291447E-0003  1.324147E-0003  2.676484E-0003  1.096913E-0002  8.002220E-0003  2.428842E-0003  6.912257E-0003  2.936179E-0003  0.000000E+0000  1.351397E-0002  2.287338E-0002
  2.960906E-0003  3.104421E-0003  1.126548E-0002  2.391401E-0002  1.200785E-0002  6.708271E-0003  3.680834E-0002  1.191320E-0002  1.351397E-0002  0.000000E+0000  1.444224E-0001
  5.592212E-0002  3.113460E-0003  1.215636E-0002  7.983117E-0002  6.687360E-0002  3.150259E-0002  1.069220E-0001  3.567912E-0002  2.287338E-0002  1.444224E-0001  0.000000E+0000

  0.000000E+0000  4.080099E-0003  1.038417E-0004  8.232146E-0003  2.757891E-0003  1.243050E-0003  1.038501E-0002  9.695154E-0003  3.696850E-0003  8.690688E-0003  1.070102E-0002
  4.080099E-0003  0.000000E+0000  1.238714E-0004  2.306269E-0003  2.547687E-0003  2.625199E-0004  1.030977E-0002  4.077080E-0003  1.664801E-0003  1.199136E-0002  1.350696E-0002
  1.038417E-0004  1.238714E-0004  0.000000E+0000  2.635518E-0004  7.570745E-0005  2.042317E-0005  7.818422E-0005  2.090265E-0004  5.889033E-0005  1.319107E-0004  1.172984E-0004
  8.232146E-0003  2.306269E-0003  2.635518E-0004  0.000000E+0000  5.821722E-0003  1.198955E-0003  1.990154E-0002  1.373615E-0002  5.270689E-0003  2.211411E-0002  2.570233E-0002
  2.757891E-0003  2.547687E-0003  7.570745E-0005  5.821722E-0003  0.000000E+0000  1.031914E-0003  4.891241E-0003  5.408042E-0003  2.266490E-0003  2.597321E-0003  3.503789E-0003
  1.243050E-0003  2.625199E-0004  2.042317E-0005  1.198955E-0003  1.031914E-0003  0.000000E+0000  1.275141E-0003  4.018011E-0004  2.072577E-0004  2.780824E-0003  2.684403E-0003
  1.038501E-0002  1.030977E-0002  7.818422E-0005  1.990154E-0002  4.891241E-0003  1.275141E-0003  0.000000E+0000  2.167043E-0002  3.636191E-0003  1.666705E-0002  1.706617E-0002
  9.695154E-0003  4.077080E-0003  2.090265E-0004  1.373615E-0002  5.408042E-0003  4.018011E-0004  2.167043E-0002  0.000000E+0000  2.880074E-0003  2.637734E-0002  2.918103E-0002
  3.696850E-0003  1.664801E-0003  5.889033E-0005  5.270689E-0003  2.266490E-0003  2.072577E-0004  3.636191E-0003  2.880074E-0003  0.000000E+0000  8.271067E-0003  7.840721E-0003
  8.690688E-0003  1.199136E-0002  1.319107E-0004  2.211411E-0002  2.597321E-0003  2.780824E-0003  1.666705E-0002  2.637734E-0002  8.271067E-0003  0.000000E+0000  1.021488E-0002
  1.070102E-0002  1.350696E-0002  1.172984E-0004  2.570233E-0002  3.503789E-0003  2.684403E-0003  1.706617E-0002  2.918103E-0002  7.840721E-0003  1.021488E-0002  0.000000E+0000

  0.000000E+0000  8.155094E-0004  3.965967E-0005  2.119589E-0003  1.413616E-0003  9.153821E-0004  1.335104E-0003  1.623285E-0003  1.452394E-0003  1.760971E-0003  1.309848E-0003
  8.155094E-0004  0.000000E+0000  1.048680E-0004  7.760054E-0004  6.572057E-0004  3.556859E-0004  1.237148E-0003  3.661279E-0004  3.738079E-0004  1.859009E-0003  2.065843E-0003
  3.965967E-0005  1.048680E-0004  0.000000E+0000  2.453434E-0004  1.207085E-0004  3.565798E-0005  2.565467E-0004  2.567185E-0004  1.320607E-0004  1.505172E-0004  8.104576E-0005
  2.119589E-0003  7.760054E-0004  2.453434E-0004  0.000000E+0000  1.751887E-0003  1.109203E-0003  2.245141E-0003  1.126710E-0003  1.438729E-0003  3.478832E-0003  3.602740E-0003
  1.413616E-0003  6.572057E-0004  1.207085E-0004  1.751887E-0003  0.000000E+0000  8.706577E-0004  1.643333E-0003  7.099276E-0004  9.797007E-0004  2.457824E-0003  2.459951E-0003
  9.153821E-0004  3.556859E-0004  3.565798E-0005  1.109203E-0003  8.706577E-0004  0.000000E+0000  6.553754E-0004  3.935776E-0004  6.919542E-0005  1.814744E-0003  1.823983E-0003
  1.335104E-0003  1.237148E-0003  2.565467E-0004  2.245141E-0003  1.643333E-0003  6.553754E-0004  0.000000E+0000  1.326200E-0003  1.127263E-0003  2.315189E-0003  2.755129E-0003
  1.623285E-0003  3.661279E-0004  2.567185E-0004  1.126710E-0003  7.099276E-0004  3.935776E-0004  1.326200E-0003  0.000000E+0000  4.945881E-0004  2.615372E-0003  2.918127E-0003
  1.452394E-0003  3.738079E-0004  1.320607E-0004  1.438729E-0003  9.797007E-0004  6.919542E-0005  1.127263E-0003  4.945881E-0004  0.000000E+0000  2.655180E-0003  2.749582E-0003
  1.760971E-0003  1.859009E-0003  1.505172E-0004  3.478832E-0003  2.457824E-0003  1.814744E-0003  2.315189E-0003  2.615372E-0003  2.655180E-0003  0.000000E+0000  2.823167E-0003
  1.309848E-0003  2.065843E-0003  8.104576E-0005  3.602740E-0003  2.459951E-0003  1.823983E-0003  2.755129E-0003  2.918127E-0003  2.749582E-0003  2.823167E-0003  0.000000E+0000

  0.000000E+0000  5.119195E-0004  1.985743E-0004  1.553824E-0003  1.212159E-0003  2.046162E-0003  8.558625E-0004  1.391124E-0003  1.029754E-0003  1.471217E-0003  1.868822E-0003
  5.119195E-0004  0.000000E+0000  2.068722E-0004  2.031444E-0003  1.640965E-0003  2.427962E-0003  1.203646E-0003  5.773962E-0004  9.942281E-0004  1.848117E-0003  2.074083E-0003
  1.985743E-0004  2.068722E-0004  0.000000E+0000  2.681205E-0004  9.664553E-0005  4.371029E-0005  3.153363E-0005  3.169792E-0004  9.528771E-0005  1.350754E-0004  1.160610E-0004
  1.553824E-0003  2.031444E-0003  2.681205E-0004  0.000000E+0000  2.665735E-0003  3.511834E-0003  2.177986E-0003  4.557568E-0003  2.431894E-0003  2.912471E-0003  2.730661E-0003
  1.212159E-0003  1.640965E-0003  9.664553E-0005  2.665735E-0003  0.000000E+0000  2.057260E-0003  1.944631E-0003  3.574842E-0003  2.106481E-0003  8.827077E-0004  3.404465E-0004
  2.046162E-0003  2.427962E-0003  4.371029E-0005  3.511834E-0003  2.057260E-0003  0.000000E+0000  1.628617E-0003  3.451113E-0003  2.085028E-0003  1.929925E-0003  1.993524E-0003
  8.558625E-0004  1.203646E-0003  3.153363E-0005  2.177986E-0003  1.944631E-0003  1.628617E-0003  0.000000E+0000  1.269319E-0003  1.525411E-0003  1.768342E-0003  1.560848E-0003
  1.391124E-0003  5.773962E-0004  3.169792E-0004  4.557568E-0003  3.574842E-0003  3.451113E-0003  1.269319E-0003  0.000000E+0000  1.524679E-0003  3.602953E-0003  3.920642E-0003
  1.029754E-0003  9.942281E-0004  9.528771E-0005  2.431894E-0003  2.106481E-0003  2.085028E-0003  1.525411E-0003  1.524679E-0003  0.000000E+0000  2.052271E-0003  2.023193E-0003
  1.471217E-0003  1.848117E-0003  1.350754E-0004  2.912471E-0003  8.827077E-0004  1.929925E-0003  1.768342E-0003  3.602953E-0003  2.052271E-0003  0.000000E+0000  1.056281E-0003
  1.868822E-0003  2.074083E-0003  1.160610E-0004  2.730661E-0003  3.404465E-0004  1.993524E-0003  1.560848E-0003  3.920642E-0003  2.023193E-0003  1.056281E-0003  0.000000E+0000

  0.000000E+0000  2.820040E-0003  1.099346E-0004  3.334043E-0003  5.510957E-0003  6.286975E-0003  3.224245E-0003  3.740978E-0003  4.525294E-0003  6.618888E-0003  2.847151E-0003
  2.820040E-0003  0.000000E+0000  1.448502E-0004  1.991667E-0003  5.892043E-0003  8.133127E-0003  1.794309E-0003  3.596774E-0003  4.289345E-0003  8.730521E-0003  2.615414E-0003
  1.099346E-0004  1.448502E-0004  0.000000E+0000  4.146734E-0004  3.451555E-0004  4.874438E-0004  1.701455E-0004  2.018158E-0004  2.925021E-0004  3.951564E-0004  9.173667E-0005
  3.334043E-0003  1.991667E-0003  4.146734E-0004  0.000000E+0000  6.826840E-0003  1.229334E-0002  1.444859E-0003  4.607011E-0003  4.806954E-0003  1.232977E-0002  2.434949E-0003
  5.510957E-0003  5.892043E-0003  3.451555E-0004  6.826840E-0003  0.000000E+0000  7.948326E-0003  3.754872E-0003  9.635333E-0003  6.148358E-0003  5.937835E-0003  5.951959E-0004
  6.286975E-0003  8.133127E-0003  4.874438E-0004  1.229334E-0002  7.948326E-0003  0.000000E+0000  8.519659E-0003  1.118596E-0002  8.640506E-0003  9.616955E-0003  3.350484E-0003
  3.224245E-0003  1.794309E-0003  1.701455E-0004  1.444859E-0003  3.754872E-0003  8.519659E-0003  0.000000E+0000  3.475027E-0003  1.925186E-0003  8.090479E-0003  3.662560E-0003
  3.740978E-0003  3.596774E-0003  2.018158E-0004  4.607011E-0003  9.635333E-0003  1.118596E-0002  3.475027E-0003  0.000000E+0000  7.977194E-0003  1.177694E-0002  3.725146E-0003
  4.525294E-0003  4.289345E-0003  2.925021E-0004  4.806954E-0003  6.148358E-0003  8.640506E-0003  1.925186E-0003  7.977194E-0003  0.000000E+0000  9.017585E-0003  2.140841E-0003
  6.618888E-0003  8.730521E-0003  3.951564E-0004  1.232977E-0002  5.937835E-0003  9.616955E-0003  8.090479E-0003  1.177694E-0002  9.017585E-0003  0.000000E+0000  1.937099E-0003
  2.847151E-0003  2.615414E-0003  9.173667E-0005  2.434949E-0003  5.951959E-0004  3.350484E-0003  3.662560E-0003  3.725146E-0003  2.140841E-0003  1.937099E-0003  0.000000E+0000

  0.000000E+0000  4.461414E-0005  5.544633E-0004  2.051606E-0003  1.816465E-0003  2.283721E-0003  1.172803E-0003  2.090415E-0003  1.312173E-0003  2.579136E-0003  2.520849E-0003
  4.461414E-0005  0.000000E+0000  3.066378E-0004  1.625924E-0004  1.465467E-0004  9.791760E-0005  8.932658E-0004  3.484162E-0004  1.466947E-0004  3.299044E-0004  9.749146E-0004
  5.544633E-0004  3.066378E-0004  0.000000E+0000  4.599816E-0004  1.900289E-0004  2.981183E-0004  2.855695E-0004  4.306081E-0004  1.017077E-0004  9.276828E-0004  1.142351E-0003
  2.051606E-0003  1.625924E-0004  4.599816E-0004  0.000000E+0000  2.923300E-0003  1.871023E-0003  4.468892E-0003  2.541157E-0003  1.837372E-0003  5.426818E-0003  7.948088E-0003
  1.816465E-0003  1.465467E-0004  1.900289E-0004  2.923300E-0003  0.000000E+0000  1.876222E-0003  3.552948E-0003  1.817873E-0003  1.816676E-0003  5.176987E-0003  5.381295E-0003
  2.283721E-0003  9.791760E-0005  2.981183E-0004  1.871023E-0003  1.876222E-0003  0.000000E+0000  4.171556E-0003  7.443523E-0004  9.939127E-0004  6.502804E-0003  7.435916E-0003
  1.172803E-0003  8.932658E-0004  2.855695E-0004  4.468892E-0003  3.552948E-0003  4.171556E-0003  0.000000E+0000  8.262435E-0004  2.686074E-0003  3.551907E-0003  3.259226E-0003
  2.090415E-0003  3.484162E-0004  4.306081E-0004  2.541157E-0003  1.817873E-0003  7.443523E-0004  8.262435E-0004  0.000000E+0000  2.553310E-0004  4.209749E-0003  4.520548E-0003
  1.312173E-0003  1.466947E-0004  1.017077E-0004  1.837372E-0003  1.816676E-0003  9.939127E-0004  2.686074E-0003  2.553310E-0004  0.000000E+0000  4.141015E-0003  4.529116E-0003
  2.579136E-0003  3.299044E-0004  9.276828E-0004  5.426818E-0003  5.176987E-0003  6.502804E-0003  3.551907E-0003  4.209749E-0003  4.141015E-0003  0.000000E+0000  7.097986E-0003
  2.520849E-0003  9.749146E-0004  1.142351E-0003  7.948088E-0003  5.381295E-0003  7.435916E-0003  3.259226E-0003  4.520548E-0003  4.529116E-0003  7.097986E-0003  0.000000E+0000

  0.000000E+0000  9.957446E-0004  1.223190E-0004  3.524252E-0003  3.545104E-0003  7.016659E-0003  6.808864E-0004  1.473158E-0003  2.259244E-0003  6.795232E-0003  1.561608E-0003
  9.957446E-0004  0.000000E+0000  4.120392E-0004  3.479325E-0003  3.588799E-0003  8.117709E-0003  3.089824E-0004  2.669326E-0003  2.885666E-0003  8.200021E-0003  1.235788E-0003
  1.223190E-0004  4.120392E-0004  0.000000E+0000  9.809794E-0004  1.101793E-0003  1.287364E-0003  3.148280E-0004  6.091489E-0004  1.026659E-0003  1.171538E-0003  2.268694E-0004
  3.524252E-0003  3.479325E-0003  9.809794E-0004  0.000000E+0000  8.882570E-0003  1.727119E-0002  1.148798E-0003  7.535440E-0003  6.780581E-0003  1.700754E-0002  2.178336E-0003
  3.545104E-0003  3.588799E-0003  1.101793E-0003  8.882570E-0003  0.000000E+0000  6.742889E-0003  1.713532E-0003  6.863939E-0003  3.736222E-0003  4.657645E-0003  2.298225E-0003
  7.016659E-0003  8.117709E-0003  1.287364E-0003  1.727119E-0002  6.742889E-0003  0.000000E+0000  2.669912E-0003  1.322019E-0002  6.030768E-0003  9.205598E-0003  6.533170E-0003
  6.808864E-0004  3.089824E-0004  3.148280E-0004  1.148798E-0003  1.713532E-0003  2.669912E-0003  0.000000E+0000  3.052587E-0004  1.148858E-0003  2.843820E-0003  1.524543E-0003
  1.473158E-0003  2.669326E-0003  6.091489E-0004  7.535440E-0003  6.863939E-0003  1.322019E-0002  3.052587E-0004  0.000000E+0000  6.407753E-0003  1.269751E-0002  2.567945E-0003
  2.259244E-0003  2.885666E-0003  1.026659E-0003  6.780581E-0003  3.736222E-0003  6.030768E-0003  1.148858E-0003  6.407753E-0003  0.000000E+0000  5.488384E-0003  1.722954E-0003
  6.795232E-0003  8.200021E-0003  1.171538E-0003  1.700754E-0002  4.657645E-0003  9.205598E-0003  2.843820E-0003  1.269751E-0002  5.488384E-0003  0.000000E+0000  6.454243E-0003
  1.561608E-0003  1.235788E-0003  2.268694E-0004  2.178336E-0003  2.298225E-0003  6.533170E-0003  1.524543E-0003  2.567945E-0003  1.722954E-0003  6.454243E-0003  0.000000E+0000
