6661999 = Ignore first line (new format code)
File name: E:\Folders\PhD\ISAD\ISAD_Curry_data\ISAD_EEGs\eLORETA\EEGs_128Hz_200sec-window\Clinical_v_Healthy\T1_healthy_all\H61-ROIlinLagConn-crss.txt
1 = Number of time frames in Time X Frequency decomposition
2 = Number of EEG files
11 = Number Electrodes
25600 = Number of time frames in EEG files
32768 = Number of time frames in EEG files power of 2
7 = Number of matrices
5 = Band type (1=Classical1; 2=Classical2; 3=DiscreteFreqs; 4=AllDiscreteFreqs; 5=UserDefinedBands)
 1.280000E+0002 = Sampling rate Hz
-1.000000E+0002 = Freq1 Hz
-1.000000E+0002 = Freq2 Hz
 3.906250E-0003 = Frequency resolution Hz

  0.000000E+0000  3.748927E-0002  6.083715E-0002  1.394594E-0001  3.537479E-0002  1.421089E-0001  1.229450E-0001  7.864948E-0002  5.989801E-0002  1.308645E-0001  9.585015E-0002
  3.748927E-0002  0.000000E+0000  7.788587E-0003  1.521317E-0002  2.423507E-0002  4.649310E-0002  3.630811E-0002  4.160885E-0002  8.772108E-0003  4.608157E-0002  5.742449E-0002
  6.083715E-0002  7.788587E-0003  0.000000E+0000  1.465515E-0002  3.859013E-0002  2.773754E-0002  3.793715E-0002  6.013181E-0002  1.210389E-0002  2.941587E-0002  6.779943E-0002
  1.394594E-0001  1.521317E-0002  1.465515E-0002  0.000000E+0000  6.440386E-0002  1.019500E-0001  8.245476E-0002  1.586840E-0001  2.205751E-0002  1.219858E-0001  1.396165E-0001
  3.537479E-0002  2.423507E-0002  3.859013E-0002  6.440386E-0002  0.000000E+0000  5.903360E-0002  4.603151E-0002  6.402519E-0002  7.345785E-0002  1.253147E-0001  7.432113E-0002
  1.421089E-0001  4.649310E-0002  2.773754E-0002  1.019500E-0001  5.903360E-0002  0.000000E+0000  6.946395E-0002  1.581351E-0001  3.779610E-0002  9.989773E-0002  1.449615E-0001
  1.229450E-0001  3.630811E-0002  3.793715E-0002  8.245476E-0002  4.603151E-0002  6.946395E-0002  0.000000E+0000  1.215305E-0001  3.833775E-0002  5.649541E-0002  1.014769E-0001
  7.864948E-0002  4.160885E-0002  6.013181E-0002  1.586840E-0001  6.402519E-0002  1.581351E-0001  1.215305E-0001  0.000000E+0000  8.436499E-0002  1.598148E-0001  9.355048E-0002
  5.989801E-0002  8.772108E-0003  1.210389E-0002  2.205751E-0002  7.345785E-0002  3.779610E-0002  3.833775E-0002  8.436499E-0002  0.000000E+0000  4.707348E-0002  6.899519E-0002
  1.308645E-0001  4.608157E-0002  2.941587E-0002  1.219858E-0001  1.253147E-0001  9.989773E-0002  5.649541E-0002  1.598148E-0001  4.707348E-0002  0.000000E+0000  9.921860E-0002
  9.585015E-0002  5.742449E-0002  6.779943E-0002  1.396165E-0001  7.432113E-0002  1.449615E-0001  1.014769E-0001  9.355048E-0002  6.899519E-0002  9.921860E-0002  0.000000E+0000

  0.000000E+0000  4.401995E-0003  6.421281E-0003  1.753283E-0002  1.469837E-0002  1.248826E-0002  8.705369E-0003  8.373249E-0003  1.045122E-0002  6.653342E-0003  1.277019E-0002
  4.401995E-0003  0.000000E+0000  2.560778E-0003  1.355895E-0003  7.416417E-0003  4.165802E-0003  3.666459E-0003  2.303971E-0003  1.677389E-0003  2.397791E-0003  1.878586E-0003
  6.421281E-0003  2.560778E-0003  0.000000E+0000  6.975716E-0003  6.272329E-0003  1.824311E-0003  3.311513E-0003  7.756800E-0003  3.423434E-0003  2.216145E-0003  5.129522E-0003
  1.753283E-0002  1.355895E-0003  6.975716E-0003  0.000000E+0000  2.093476E-0002  1.890542E-0002  1.304461E-0002  7.739507E-0003  6.336734E-0003  8.952498E-0003  9.328733E-0003
  1.469837E-0002  7.416417E-0003  6.272329E-0003  2.093476E-0002  0.000000E+0000  4.065792E-0003  6.172866E-0003  1.659493E-0002  1.574679E-0002  5.974642E-0003  9.647072E-0003
  1.248826E-0002  4.165802E-0003  1.824311E-0003  1.890542E-0002  4.065792E-0003  0.000000E+0000  1.398861E-0002  1.466221E-0002  4.554672E-0003  7.835327E-0003  2.100677E-0002
  8.705369E-0003  3.666459E-0003  3.311513E-0003  1.304461E-0002  6.172866E-0003  1.398861E-0002  0.000000E+0000  6.318792E-0003  4.452804E-0003  7.157719E-0003  1.809021E-0002
  8.373249E-0003  2.303971E-0003  7.756800E-0003  7.739507E-0003  1.659493E-0002  1.466221E-0002  6.318792E-0003  0.000000E+0000  6.931590E-0003  9.352931E-0003  4.538730E-0003
  1.045122E-0002  1.677389E-0003  3.423434E-0003  6.336734E-0003  1.574679E-0002  4.554672E-0003  4.452804E-0003  6.931590E-0003  0.000000E+0000  2.720946E-0003  6.603800E-0003
  6.653342E-0003  2.397791E-0003  2.216145E-0003  8.952498E-0003  5.974642E-0003  7.835327E-0003  7.157719E-0003  9.352931E-0003  2.720946E-0003  0.000000E+0000  1.366812E-0002
  1.277019E-0002  1.878586E-0003  5.129522E-0003  9.328733E-0003  9.647072E-0003  2.100677E-0002  1.809021E-0002  4.538730E-0003  6.603800E-0003  1.366812E-0002  0.000000E+0000

  0.000000E+0000  9.849962E-0004  7.892291E-0005  7.682876E-0003  1.996531E-0003  4.592439E-0003  4.261976E-0004  2.719381E-0003  7.601492E-0004  5.081302E-0003  1.754114E-0003
  9.849962E-0004  0.000000E+0000  8.405405E-0004  5.703760E-0003  1.641460E-0003  1.754103E-0003  7.549535E-0004  2.188312E-0003  3.106378E-0003  2.768958E-0003  1.685351E-0003
  7.892291E-0005  8.405405E-0004  0.000000E+0000  6.400482E-0003  1.229277E-0003  2.547399E-0003  4.951262E-0004  1.673836E-0003  4.969763E-0004  3.354131E-0003  1.662983E-0003
  7.682876E-0003  5.703760E-0003  6.400482E-0003  0.000000E+0000  8.960557E-0003  1.245513E-0002  1.190861E-0002  1.335922E-0002  1.179098E-0002  7.465075E-0003  1.345761E-0002
  1.996531E-0003  1.641460E-0003  1.229277E-0003  8.960557E-0003  0.000000E+0000  2.029592E-0003  1.194096E-0003  3.406266E-0003  3.382635E-0003  2.778287E-0003  2.868961E-0003
  4.592439E-0003  1.754103E-0003  2.547399E-0003  1.245513E-0002  2.029592E-0003  0.000000E+0000  8.840892E-0003  5.924707E-0003  6.491562E-0003  9.716897E-0003  8.082864E-0003
  4.261976E-0004  7.549535E-0004  4.951262E-0004  1.190861E-0002  1.194096E-0003  8.840892E-0003  0.000000E+0000  2.444235E-0003  1.240753E-0003  1.049886E-0002  4.874636E-0003
  2.719381E-0003  2.188312E-0003  1.673836E-0003  1.335922E-0002  3.406266E-0003  5.924707E-0003  2.444235E-0003  0.000000E+0000  3.230456E-0003  8.477237E-0003  3.715684E-0003
  7.601492E-0004  3.106378E-0003  4.969763E-0004  1.179098E-0002  3.382635E-0003  6.491562E-0003  1.240753E-0003  3.230456E-0003  0.000000E+0000  4.393120E-0003  5.570351E-0003
  5.081302E-0003  2.768958E-0003  3.354131E-0003  7.465075E-0003  2.778287E-0003  9.716897E-0003  1.049886E-0002  8.477237E-0003  4.393120E-0003  0.000000E+0000  9.499721E-0003
  1.754114E-0003  1.685351E-0003  1.662983E-0003  1.345761E-0002  2.868961E-0003  8.082864E-0003  4.874636E-0003  3.715684E-0003  5.570351E-0003  9.499721E-0003  0.000000E+0000

  0.000000E+0000  1.510420E-0003  7.169258E-0004  1.880880E-0002  4.667214E-0004  4.567659E-0003  2.294708E-0003  2.578431E-0003  1.980013E-0003  8.814494E-0003  4.419525E-0003
  1.510420E-0003  0.000000E+0000  3.770969E-0004  1.330462E-0003  4.285971E-0004  2.724465E-0003  3.028349E-0003  2.491695E-0003  9.864987E-0004  1.003530E-0003  3.091178E-0003
  7.169258E-0004  3.770969E-0004  0.000000E+0000  5.439114E-0003  1.979230E-0004  1.225011E-0003  1.928561E-0003  2.159581E-0003  4.326158E-0004  3.988588E-0004  3.817069E-0003
  1.880880E-0002  1.330462E-0003  5.439114E-0003  0.000000E+0000  5.560292E-0003  3.797467E-0002  2.432930E-0002  2.241733E-0002  6.678077E-0003  1.218264E-0002  1.777988E-0002
  4.667214E-0004  4.285971E-0004  1.979230E-0004  5.560292E-0003  0.000000E+0000  5.181497E-0003  1.779636E-0003  1.952619E-0003  9.564540E-0004  4.655662E-0003  2.333729E-0003
  4.567659E-0003  2.724465E-0003  1.225011E-0003  3.797467E-0002  5.181497E-0003  0.000000E+0000  5.614122E-0003  1.326226E-0002  5.821473E-0003  1.140895E-0002  1.321415E-0002
  2.294708E-0003  3.028349E-0003  1.928561E-0003  2.432930E-0002  1.779636E-0003  5.614122E-0003  0.000000E+0000  4.166559E-0003  7.285597E-0003  4.584233E-0003  1.049697E-0002
  2.578431E-0003  2.491695E-0003  2.159581E-0003  2.241733E-0002  1.952619E-0003  1.326226E-0002  4.166559E-0003  0.000000E+0000  6.157363E-0003  1.589629E-0002  8.924147E-0003
  1.980013E-0003  9.864987E-0004  4.326158E-0004  6.678077E-0003  9.564540E-0004  5.821473E-0003  7.285597E-0003  6.157363E-0003  0.000000E+0000  2.462670E-0003  9.015803E-0003
  8.814494E-0003  1.003530E-0003  3.988588E-0004  1.218264E-0002  4.655662E-0003  1.140895E-0002  4.584233E-0003  1.589629E-0002  2.462670E-0003  0.000000E+0000  8.085119E-0003
  4.419525E-0003  3.091178E-0003  3.817069E-0003  1.777988E-0002  2.333729E-0003  1.321415E-0002  1.049697E-0002  8.924147E-0003  9.015803E-0003  8.085119E-0003  0.000000E+0000

  0.000000E+0000  2.557901E-0002  1.203010E-0002  1.760168E-0001  5.935182E-0002  2.732752E-0002  2.597631E-0002  3.737792E-0002  9.382531E-0002  5.945381E-0002  5.425066E-0002
  2.557901E-0002  0.000000E+0000  3.512427E-0003  7.283311E-0003  1.788034E-0002  3.619535E-0002  3.930546E-0002  4.103502E-0002  4.636493E-0003  8.814965E-0003  3.602822E-0002
  1.203010E-0002  3.512427E-0003  0.000000E+0000  2.916452E-0002  1.352491E-0002  1.859324E-0002  2.437538E-0002  3.880238E-0002  1.078388E-0002  1.114804E-0002  4.594152E-0002
  1.760168E-0001  7.283311E-0003  2.916452E-0002  0.000000E+0000  1.685509E-0001  3.391786E-0001  2.111111E-0001  2.037963E-0001  2.153596E-0002  8.267002E-0002  1.499029E-0001
  5.935182E-0002  1.788034E-0002  1.352491E-0002  1.685509E-0001  0.000000E+0000  8.302853E-0002  5.571842E-0002  6.623619E-0002  6.152556E-0002  6.269646E-0002  3.304177E-0002
  2.732752E-0002  3.619535E-0002  1.859324E-0002  3.391786E-0001  8.302853E-0002  0.000000E+0000  6.431380E-0002  8.907653E-0002  1.617019E-0001  1.317804E-0001  1.479548E-0001
  2.597631E-0002  3.930546E-0002  2.437538E-0002  2.111111E-0001  5.571842E-0002  6.431380E-0002  0.000000E+0000  8.022251E-0002  1.588224E-0001  9.292612E-0002  1.296424E-0001
  3.737792E-0002  4.103502E-0002  3.880238E-0002  2.037963E-0001  6.623619E-0002  8.907653E-0002  8.022251E-0002  0.000000E+0000  1.541655E-0001  1.164409E-0001  1.249577E-0001
  9.382531E-0002  4.636493E-0003  1.078388E-0002  2.153596E-0002  6.152556E-0002  1.617019E-0001  1.588224E-0001  1.541655E-0001  0.000000E+0000  2.282648E-0002  1.207774E-0001
  5.945381E-0002  8.814965E-0003  1.114804E-0002  8.267002E-0002  6.269646E-0002  1.317804E-0001  9.292612E-0002  1.164409E-0001  2.282648E-0002  0.000000E+0000  8.723804E-0002
  5.425066E-0002  3.602822E-0002  4.594152E-0002  1.499029E-0001  3.304177E-0002  1.479548E-0001  1.296424E-0001  1.249577E-0001  1.207774E-0001  8.723804E-0002  0.000000E+0000

  0.000000E+0000  2.579049E-0003  2.655716E-0003  1.377148E-0002  5.756733E-0003  5.895401E-0003  3.054490E-0003  3.611667E-0003  8.201871E-0003  6.812598E-0003  6.493916E-0003
  2.579049E-0003  0.000000E+0000  5.597315E-0004  9.219087E-0004  1.220569E-0003  4.509280E-0003  4.552562E-0003  4.910464E-0003  7.986495E-0004  1.499396E-0003  4.660570E-0003
  2.655716E-0003  5.597315E-0004  0.000000E+0000  4.872905E-0003  3.387358E-0003  2.895474E-0003  3.667462E-0003  6.399251E-0003  7.091740E-0004  1.095425E-0003  6.035658E-0003
  1.377148E-0002  9.219087E-0004  4.872905E-0003  0.000000E+0000  6.182944E-0003  3.638715E-0002  2.368300E-0002  1.517665E-0002  4.930360E-0003  1.066462E-0002  1.583371E-0002
  5.756733E-0003  1.220569E-0003  3.387358E-0003  6.182944E-0003  0.000000E+0000  7.538269E-0003  6.325567E-0003  1.251052E-0002  4.695491E-0003  7.984303E-0003  7.117562E-0003
  5.895401E-0003  4.509280E-0003  2.895474E-0003  3.638715E-0002  7.538269E-0003  0.000000E+0000  2.350184E-0003  1.006406E-0002  1.283853E-0002  1.006939E-0002  7.020112E-0003
  3.054490E-0003  4.552562E-0003  3.667462E-0003  2.368300E-0002  6.325567E-0003  2.350184E-0003  0.000000E+0000  7.412128E-0003  1.440143E-0002  3.391790E-0003  8.459401E-0003
  3.611667E-0003  4.910464E-0003  6.399251E-0003  1.517665E-0002  1.251052E-0002  1.006406E-0002  7.412128E-0003  0.000000E+0000  1.805180E-0002  1.029986E-0002  1.193572E-0002
  8.201871E-0003  7.986495E-0004  7.091740E-0004  4.930360E-0003  4.695491E-0003  1.283853E-0002  1.440143E-0002  1.805180E-0002  0.000000E+0000  1.447842E-0003  1.470985E-0002
  6.812598E-0003  1.499396E-0003  1.095425E-0003  1.066462E-0002  7.984303E-0003  1.006939E-0002  3.391790E-0003  1.029986E-0002  1.447842E-0003  0.000000E+0000  1.297038E-0002
  6.493916E-0003  4.660570E-0003  6.035658E-0003  1.583371E-0002  7.117562E-0003  7.020112E-0003  8.459401E-0003  1.193572E-0002  1.470985E-0002  1.297038E-0002  0.000000E+0000

  0.000000E+0000  1.061299E-0004  1.163882E-0004  1.631247E-0003  2.866359E-0004  9.667335E-0004  6.954091E-0004  5.924788E-0004  2.132401E-0004  1.350112E-0003  6.873039E-0004
  1.061299E-0004  0.000000E+0000  5.547386E-0005  1.044066E-0003  2.280409E-0004  1.106229E-0003  2.799882E-0004  1.988960E-0004  1.273710E-0004  1.026294E-0003  5.072158E-0004
  1.163882E-0004  5.547386E-0005  0.000000E+0000  1.258228E-0003  1.925012E-0004  8.281313E-0004  4.873078E-0004  1.497992E-0004  1.402804E-0004  9.169655E-0004  7.795713E-0004
  1.631247E-0003  1.044066E-0003  1.258228E-0003  0.000000E+0000  2.990885E-0003  2.178012E-0003  3.920913E-0004  2.113870E-0003  1.298984E-0003  2.627366E-0003  7.699303E-0004
  2.866359E-0004  2.280409E-0004  1.925012E-0004  2.990885E-0003  0.000000E+0000  3.224272E-0003  1.289300E-0003  3.833698E-0004  1.990243E-0004  2.436842E-0003  1.441336E-0003
  9.667335E-0004  1.106229E-0003  8.281313E-0004  2.178012E-0003  3.224272E-0003  0.000000E+0000  4.179355E-0004  2.627930E-0003  1.406119E-0003  2.607625E-0003  1.087903E-0003
  6.954091E-0004  2.799882E-0004  4.873078E-0004  3.920913E-0004  1.289300E-0003  4.179355E-0004  0.000000E+0000  7.677337E-0004  9.284777E-0004  2.568442E-0004  1.119682E-0004
  5.924788E-0004  1.988960E-0004  1.497992E-0004  2.113870E-0003  3.833698E-0004  2.627930E-0003  7.677337E-0004  0.000000E+0000  1.103688E-0004  1.535324E-0003  1.289306E-0003
  2.132401E-0004  1.273710E-0004  1.402804E-0004  1.298984E-0003  1.990243E-0004  1.406119E-0003  9.284777E-0004  1.103688E-0004  0.000000E+0000  1.206151E-0003  7.739784E-0004
  1.350112E-0003  1.026294E-0003  9.169655E-0004  2.627366E-0003  2.436842E-0003  2.607625E-0003  2.568442E-0004  1.535324E-0003  1.206151E-0003  0.000000E+0000  3.890524E-0004
  6.873039E-0004  5.072158E-0004  7.795713E-0004  7.699303E-0004  1.441336E-0003  1.087903E-0003  1.119682E-0004  1.289306E-0003  7.739784E-0004  3.890524E-0004  0.000000E+0000
