6661999 = Ignore first line (new format code)
File name: E:\Folders\PhD\ISAD\ISAD_Curry_data\ISAD_EEGs\eLORETA\EEGs_128Hz_200sec-window\Clinical_v_Healthy\T1_clinical_all\F1-ROIlinLagConn-crss.txt
1 = Number of time frames in Time X Frequency decomposition
3 = Number of EEG files
11 = Number Electrodes
25600 = Number of time frames in EEG files
32768 = Number of time frames in EEG files power of 2
7 = Number of matrices
5 = Band type (1=Classical1; 2=Classical2; 3=DiscreteFreqs; 4=AllDiscreteFreqs; 5=UserDefinedBands)
 1.280000E+0002 = Sampling rate Hz
-1.000000E+0002 = Freq1 Hz
-1.000000E+0002 = Freq2 Hz
 3.906250E-0003 = Frequency resolution Hz

  0.000000E+0000  3.594048E-0002  1.135256E-0003  7.361684E-0003  1.105622E-0002  1.682454E-0002  7.786047E-0002  3.061671E-0002  1.832378E-0002  4.454502E-0002  6.581694E-0002
  3.594048E-0002  0.000000E+0000  1.445046E-0002  2.119688E-0002  3.474943E-0002  2.563134E-0002  7.832732E-0002  4.482745E-0002  5.172327E-0002  2.690183E-0002  6.990582E-0002
  1.135256E-0003  1.445046E-0002  0.000000E+0000  8.470998E-0003  1.077842E-0002  2.235341E-0002  7.256670E-0002  2.137429E-0002  1.575154E-0002  4.328009E-0002  6.497430E-0002
  7.361684E-0003  2.119688E-0002  8.470998E-0003  0.000000E+0000  1.440361E-0002  7.887907E-0002  5.347465E-0002  1.623553E-0002  1.986439E-0002  1.019989E-0001  2.552837E-0002
  1.105622E-0002  3.474943E-0002  1.077842E-0002  1.440361E-0002  0.000000E+0000  2.421760E-0002  1.174224E-0001  4.042685E-0002  6.230673E-0002  5.904126E-0002  1.322149E-0001
  1.682454E-0002  2.563134E-0002  2.235341E-0002  7.887907E-0002  2.421760E-0002  0.000000E+0000  6.045292E-0002  6.615125E-0002  3.275217E-0002  9.124834E-0002  7.410500E-0002
  7.786047E-0002  7.832732E-0002  7.256670E-0002  5.347465E-0002  1.174224E-0001  6.045292E-0002  0.000000E+0000  6.430318E-0002  1.179432E-0001  6.150179E-0002  3.581544E-0002
  3.061671E-0002  4.482745E-0002  2.137429E-0002  1.623553E-0002  4.042685E-0002  6.615125E-0002  6.430318E-0002  0.000000E+0000  4.566561E-0002  3.784762E-0002  7.924543E-0002
  1.832378E-0002  5.172327E-0002  1.575154E-0002  1.986439E-0002  6.230673E-0002  3.275217E-0002  1.179432E-0001  4.566561E-0002  0.000000E+0000  6.694774E-0002  1.044394E-0001
  4.454502E-0002  2.690183E-0002  4.328009E-0002  1.019989E-0001  5.904126E-0002  9.124834E-0002  6.150179E-0002  3.784762E-0002  6.694774E-0002  0.000000E+0000  5.412705E-0002
  6.581694E-0002  6.990582E-0002  6.497430E-0002  2.552837E-0002  1.322149E-0001  7.410500E-0002  3.581544E-0002  7.924543E-0002  1.044394E-0001  5.412705E-0002  0.000000E+0000

  0.000000E+0000  1.421787E-0002  7.970959E-0003  7.333459E-0003  2.958695E-0002  1.534916E-0002  6.724076E-0003  1.638231E-0002  2.671462E-0002  1.112928E-0002  2.575964E-0003
  1.421787E-0002  0.000000E+0000  1.116434E-0002  3.137743E-0002  9.055048E-0003  6.502052E-0003  1.503293E-0002  1.327791E-0002  1.773633E-0002  7.830182E-0003  1.563197E-0002
  7.970959E-0003  1.116434E-0002  0.000000E+0000  3.468433E-0003  1.690409E-0002  1.399001E-0002  3.780171E-0003  1.019482E-0002  1.409635E-0002  3.827206E-0003  4.828762E-0004
  7.333459E-0003  3.137743E-0002  3.468433E-0003  0.000000E+0000  1.688190E-0002  8.944592E-0003  4.440341E-0003  1.377892E-0002  1.749899E-0002  6.831473E-0003  6.606497E-0003
  2.958695E-0002  9.055048E-0003  1.690409E-0002  1.688190E-0002  0.000000E+0000  1.853928E-0002  7.425290E-0003  2.149369E-0002  3.729813E-0002  9.502278E-0003  3.091295E-0003
  1.534916E-0002  6.502052E-0003  1.399001E-0002  8.944592E-0003  1.853928E-0002  0.000000E+0000  2.018087E-0003  1.664810E-0002  1.979970E-0002  1.238836E-0002  1.285151E-0002
  6.724076E-0003  1.503293E-0002  3.780171E-0003  4.440341E-0003  7.425290E-0003  2.018087E-0003  0.000000E+0000  1.110033E-0002  8.035572E-0003  5.056111E-0003  4.155000E-0003
  1.638231E-0002  1.327791E-0002  1.019482E-0002  1.377892E-0002  2.149369E-0002  1.664810E-0002  1.110033E-0002  0.000000E+0000  2.319246E-0002  1.956083E-0002  1.517069E-0002
  2.671462E-0002  1.773633E-0002  1.409635E-0002  1.749899E-0002  3.729813E-0002  1.979970E-0002  8.035572E-0003  2.319246E-0002  0.000000E+0000  1.119408E-0002  3.159357E-0003
  1.112928E-0002  7.830182E-0003  3.827206E-0003  6.831473E-0003  9.502278E-0003  1.238836E-0002  5.056111E-0003  1.956083E-0002  1.119408E-0002  0.000000E+0000  2.227057E-0002
  2.575964E-0003  1.563197E-0002  4.828762E-0004  6.606497E-0003  3.091295E-0003  1.285151E-0002  4.155000E-0003  1.517069E-0002  3.159357E-0003  2.227057E-0002  0.000000E+0000

  0.000000E+0000  1.511416E-0002  4.166805E-0002  1.172842E-0002  1.203121E-0001  3.851020E-0002  9.232422E-0003  7.225595E-0002  9.756694E-0002  2.374372E-0002  6.586826E-0003
  1.511416E-0002  0.000000E+0000  1.018879E-0002  2.664003E-0003  3.048889E-0003  2.457883E-0003  3.474875E-0003  4.353127E-0003  8.240781E-0003  2.526721E-0003  6.765425E-0003
  4.166805E-0002  1.018879E-0002  0.000000E+0000  3.599873E-0003  2.657232E-0002  5.725508E-0003  4.701487E-0003  1.918259E-0002  2.627611E-0002  6.436632E-0003  7.683383E-0003
  1.172842E-0002  2.664003E-0003  3.599873E-0003  0.000000E+0000  6.868531E-0003  4.383362E-0003  3.405746E-0003  3.874378E-0003  6.499091E-0003  2.959122E-0003  6.368774E-0003
  1.203121E-0001  3.048889E-0003  2.657232E-0002  6.868531E-0003  0.000000E+0000  5.899552E-0003  2.211963E-0003  4.209352E-0003  2.518353E-0002  5.121088E-0003  1.131378E-0002
  3.851020E-0002  2.457883E-0003  5.725508E-0003  4.383362E-0003  5.899552E-0003  0.000000E+0000  2.704185E-0003  9.897294E-0003  4.053178E-0003  3.731890E-0003  4.846332E-0003
  9.232422E-0003  3.474875E-0003  4.701487E-0003  3.405746E-0003  2.211963E-0003  2.704185E-0003  0.000000E+0000  3.364156E-0003  3.607278E-0003  1.614350E-0003  4.693952E-0003
  7.225595E-0002  4.353127E-0003  1.918259E-0002  3.874378E-0003  4.209352E-0003  9.897294E-0003  3.364156E-0003  0.000000E+0000  8.202530E-0003  4.970721E-0003  8.256797E-0003
  9.756694E-0002  8.240781E-0003  2.627611E-0002  6.499091E-0003  2.518353E-0002  4.053178E-0003  3.607278E-0003  8.202530E-0003  0.000000E+0000  6.069892E-0003  1.350063E-0002
  2.374372E-0002  2.526721E-0003  6.436632E-0003  2.959122E-0003  5.121088E-0003  3.731890E-0003  1.614350E-0003  4.970721E-0003  6.069892E-0003  0.000000E+0000  7.683745E-0003
  6.586826E-0003  6.765425E-0003  7.683383E-0003  6.368774E-0003  1.131378E-0002  4.846332E-0003  4.693952E-0003  8.256797E-0003  1.350063E-0002  7.683745E-0003  0.000000E+0000

  0.000000E+0000  1.672461E-0002  3.025116E-0002  1.437736E-0002  1.534589E-0001  2.052667E-0002  1.030991E-0002  6.808593E-0002  1.220983E-0001  1.473096E-0002  2.582875E-0002
  1.672461E-0002  0.000000E+0000  3.525369E-0003  1.679663E-0003  4.577705E-0003  3.143402E-0003  1.690206E-0003  2.513180E-0003  5.514145E-0003  2.915868E-0003  1.249741E-0002
  3.025116E-0002  3.525369E-0003  0.000000E+0000  2.044590E-0003  2.516786E-0002  1.022875E-0002  4.616715E-0003  1.609587E-0002  2.207532E-0002  6.446470E-0003  5.292895E-0003
  1.437736E-0002  1.679663E-0003  2.044590E-0003  0.000000E+0000  1.105599E-0002  5.993488E-0003  4.262813E-0003  1.182938E-0002  7.859971E-0003  7.697714E-0003  1.867549E-0002
  1.534589E-0001  4.577705E-0003  2.516786E-0002  1.105599E-0002  0.000000E+0000  1.478430E-0002  3.077608E-0003  3.682034E-0003  2.206956E-0002  1.739385E-0002  1.659692E-0002
  2.052667E-0002  3.143402E-0003  1.022875E-0002  5.993488E-0003  1.478430E-0002  0.000000E+0000  4.539715E-0003  1.383615E-0002  1.681306E-0002  5.279961E-0003  6.787349E-0003
  1.030991E-0002  1.690206E-0003  4.616715E-0003  4.262813E-0003  3.077608E-0003  4.539715E-0003  0.000000E+0000  4.989591E-0003  4.328901E-0003  1.000582E-0002  2.150200E-0002
  6.808593E-0002  2.513180E-0003  1.609587E-0002  1.182938E-0002  3.682034E-0003  1.383615E-0002  4.989591E-0003  0.000000E+0000  1.007747E-0002  1.481858E-0002  3.038440E-0002
  1.220983E-0001  5.514145E-0003  2.207532E-0002  7.859971E-0003  2.206956E-0002  1.681306E-0002  4.328901E-0003  1.007747E-0002  0.000000E+0000  1.524387E-0002  1.430493E-0002
  1.473096E-0002  2.915868E-0003  6.446470E-0003  7.697714E-0003  1.739385E-0002  5.279961E-0003  1.000582E-0002  1.481858E-0002  1.524387E-0002  0.000000E+0000  3.092268E-0002
  2.582875E-0002  1.249741E-0002  5.292895E-0003  1.867549E-0002  1.659692E-0002  6.787349E-0003  2.150200E-0002  3.038440E-0002  1.430493E-0002  3.092268E-0002  0.000000E+0000

  0.000000E+0000  9.160013E-0003  1.748323E-0002  1.081357E-0002  1.125164E-0001  2.703683E-0002  1.467651E-0002  1.595643E-0001  1.271518E-0001  3.821640E-0002  5.500950E-0002
  9.160013E-0003  0.000000E+0000  1.124348E-0002  7.456437E-0003  1.896703E-0002  2.043947E-0002  5.477996E-0003  1.948910E-0002  2.891986E-0002  1.381657E-0002  1.925200E-0002
  1.748323E-0002  1.124348E-0002  0.000000E+0000  1.492915E-0002  3.075635E-0002  4.337905E-0002  8.301724E-0003  3.513262E-0002  6.873736E-0002  2.626707E-0002  2.678136E-0002
  1.081357E-0002  7.456437E-0003  1.492915E-0002  0.000000E+0000  6.250545E-0003  2.467736E-0002  3.072345E-0003  6.720478E-0003  1.813836E-0002  1.767015E-0002  5.911437E-0003
  1.125164E-0001  1.896703E-0002  3.075635E-0002  6.250545E-0003  0.000000E+0000  1.668884E-0002  3.740671E-0002  1.505982E-0002  1.824629E-0001  1.106028E-0002  1.588634E-0001
  2.703683E-0002  2.043947E-0002  4.337905E-0002  2.467736E-0002  1.668884E-0002  0.000000E+0000  2.698308E-0002  4.035117E-0002  9.681641E-0002  3.828615E-0002  5.048028E-0002
  1.467651E-0002  5.477996E-0003  8.301724E-0003  3.072345E-0003  3.740671E-0002  2.698308E-0002  0.000000E+0000  5.702277E-0002  5.035220E-0002  1.729556E-0002  3.772472E-0002
  1.595643E-0001  1.948910E-0002  3.513262E-0002  6.720478E-0003  1.505982E-0002  4.035117E-0002  5.702277E-0002  0.000000E+0000  1.399881E-0001  1.400145E-0002  1.003612E-0001
  1.271518E-0001  2.891986E-0002  6.873736E-0002  1.813836E-0002  1.824629E-0001  9.681641E-0002  5.035220E-0002  1.399881E-0001  0.000000E+0000  6.976055E-0002  9.917308E-0002
  3.821640E-0002  1.381657E-0002  2.626707E-0002  1.767015E-0002  1.106028E-0002  3.828615E-0002  1.729556E-0002  1.400145E-0002  6.976055E-0002  0.000000E+0000  2.508517E-0002
  5.500950E-0002  1.925200E-0002  2.678136E-0002  5.911437E-0003  1.588634E-0001  5.048028E-0002  3.772472E-0002  1.003612E-0001  9.917308E-0002  2.508517E-0002  0.000000E+0000

  0.000000E+0000  9.236330E-0003  8.895224E-0003  7.066365E-0003  8.815355E-0002  4.514335E-0003  6.316201E-0003  5.284550E-0002  6.177865E-0002  1.046605E-0002  1.062043E-0002
  9.236330E-0003  0.000000E+0000  1.791410E-0003  9.074337E-0004  1.524327E-0003  5.785703E-0004  7.214057E-0004  3.313459E-0003  3.921675E-0003  6.142865E-0004  2.419870E-0003
  8.895224E-0003  1.791410E-0003  0.000000E+0000  7.031563E-0004  1.368185E-0002  1.479142E-0003  2.272198E-0003  8.038029E-0003  1.192868E-0002  2.433231E-0003  4.764399E-0003
  7.066365E-0003  9.074337E-0004  7.031563E-0004  0.000000E+0000  4.420483E-0003  1.791662E-0003  3.207398E-0003  6.769402E-0003  2.748205E-0003  5.226903E-0003  8.699184E-0003
  8.815355E-0002  1.524327E-0003  1.368185E-0002  4.420483E-0003  0.000000E+0000  3.181706E-0003  1.190245E-0003  5.828830E-0003  2.205529E-0002  6.127919E-0003  8.844307E-0003
  4.514335E-0003  5.785703E-0004  1.479142E-0003  1.791662E-0003  3.181706E-0003  0.000000E+0000  1.557293E-0003  4.502561E-0003  4.397659E-0003  1.961421E-0003  3.443787E-0003
  6.316201E-0003  7.214057E-0004  2.272198E-0003  3.207398E-0003  1.190245E-0003  1.557293E-0003  0.000000E+0000  2.751695E-0003  1.841256E-0003  3.611169E-0003  5.475570E-0003
  5.284550E-0002  3.313459E-0003  8.038029E-0003  6.769402E-0003  5.828830E-0003  4.502561E-0003  2.751695E-0003  0.000000E+0000  1.495067E-0002  6.209035E-0003  8.469655E-0003
  6.177865E-0002  3.921675E-0003  1.192868E-0002  2.748205E-0003  2.205529E-0002  4.397659E-0003  1.841256E-0003  1.495067E-0002  0.000000E+0000  4.468529E-0003  9.214757E-0003
  1.046605E-0002  6.142865E-0004  2.433231E-0003  5.226903E-0003  6.127919E-0003  1.961421E-0003  3.611169E-0003  6.209035E-0003  4.468529E-0003  0.000000E+0000  1.070899E-0002
  1.062043E-0002  2.419870E-0003  4.764399E-0003  8.699184E-0003  8.844307E-0003  3.443787E-0003  5.475570E-0003  8.469655E-0003  9.214757E-0003  1.070899E-0002  0.000000E+0000

  0.000000E+0000  1.740374E-0003  3.673178E-0003  1.149324E-0003  2.212902E-0002  1.123966E-0003  1.597522E-0003  9.888073E-0003  1.751252E-0002  2.800788E-0003  1.121162E-0003
  1.740374E-0003  0.000000E+0000  5.575700E-0004  3.371455E-0004  1.161299E-0003  4.327032E-0004  6.693825E-0005  3.884148E-0003  1.182045E-0003  4.064818E-0004  7.290377E-0004
  3.673178E-0003  5.575700E-0004  0.000000E+0000  5.374754E-0004  3.184104E-0003  4.875401E-0004  1.791038E-0003  3.033951E-0003  5.692109E-0003  1.415875E-0003  8.462063E-0004
  1.149324E-0003  3.371455E-0004  5.374754E-0004  0.000000E+0000  4.507354E-0004  1.132290E-0003  3.178662E-0004  6.646735E-0004  9.168892E-0004  1.522907E-0003  1.451087E-0003
  2.212902E-0002  1.161299E-0003  3.184104E-0003  4.507354E-0004  0.000000E+0000  3.817136E-0004  3.628281E-0004  2.616767E-0003  9.949617E-0003  1.184988E-0003  1.908487E-0003
  1.123966E-0003  4.327032E-0004  4.875401E-0004  1.132290E-0003  3.817136E-0004  0.000000E+0000  6.668110E-0004  6.363688E-0004  1.574157E-0003  3.004877E-0004  1.184000E-0003
  1.597522E-0003  6.693825E-0005  1.791038E-0003  3.178662E-0004  3.628281E-0004  6.668110E-0004  0.000000E+0000  3.178683E-0004  9.065475E-0004  4.791699E-0004  8.842761E-0004
  9.888073E-0003  3.884148E-0003  3.033951E-0003  6.646735E-0004  2.616767E-0003  6.363688E-0004  3.178683E-0004  0.000000E+0000  1.046705E-0002  2.904252E-0004  8.035548E-0004
  1.751252E-0002  1.182045E-0003  5.692109E-0003  9.168892E-0004  9.949617E-0003  1.574157E-0003  9.065475E-0004  1.046705E-0002  0.000000E+0000  1.633937E-0003  1.236078E-0003
  2.800788E-0003  4.064818E-0004  1.415875E-0003  1.522907E-0003  1.184988E-0003  3.004877E-0004  4.791699E-0004  2.904252E-0004  1.633937E-0003  0.000000E+0000  1.379815E-0003
  1.121162E-0003  7.290377E-0004  8.462063E-0004  1.451087E-0003  1.908487E-0003  1.184000E-0003  8.842761E-0004  8.035548E-0004  1.236078E-0003  1.379815E-0003  0.000000E+0000
