6661999 = Ignore first line (new format code)
File name: E:\Folders\PhD\ISAD\ISAD_Curry_data\ISAD_EEGs\eLORETA\EEGs_128Hz_200sec-window\Clinical_v_Healthy\T1_clinical_all\F11-ROIlinLagConn-crss.txt
1 = Number of time frames in Time X Frequency decomposition
3 = Number of EEG files
11 = Number Electrodes
25600 = Number of time frames in EEG files
32768 = Number of time frames in EEG files power of 2
7 = Number of matrices
5 = Band type (1=Classical1; 2=Classical2; 3=DiscreteFreqs; 4=AllDiscreteFreqs; 5=UserDefinedBands)
 1.280000E+0002 = Sampling rate Hz
-1.000000E+0002 = Freq1 Hz
-1.000000E+0002 = Freq2 Hz
 3.906250E-0003 = Frequency resolution Hz

  0.000000E+0000  2.791018E-0002  3.595506E-0002  7.450441E-0003  8.493773E-0002  1.785650E-0002  2.098833E-0002  4.253662E-0002  1.120716E-0001  2.356318E-0003  4.636959E-0002
  2.791018E-0002  0.000000E+0000  3.095629E-0002  5.209221E-0002  6.691645E-0002  4.698923E-0002  1.825283E-0002  2.140297E-0002  1.075749E-0002  5.055339E-0002  3.553507E-0002
  3.595506E-0002  3.095629E-0002  0.000000E+0000  2.945477E-0002  1.138359E-0002  4.981971E-0002  1.960283E-0002  4.827502E-0002  3.769153E-0002  3.488972E-0002  2.152541E-0002
  7.450441E-0003  5.209221E-0002  2.945477E-0002  0.000000E+0000  2.626409E-0001  5.307144E-0002  2.166644E-0002  6.581828E-0002  1.212509E-0001  3.029594E-0002  2.413801E-0002
  8.493773E-0002  6.691645E-0002  1.138359E-0002  2.626409E-0001  0.000000E+0000  2.642056E-0001  1.041037E-0001  1.466733E-0001  3.239745E-0002  2.950221E-0001  2.479500E-0001
  1.785650E-0002  4.698923E-0002  4.981971E-0002  5.307144E-0002  2.642056E-0001  0.000000E+0000  3.073592E-0002  1.884101E-0002  1.376826E-0001  5.951767E-0002  3.547123E-0002
  2.098833E-0002  1.825283E-0002  1.960283E-0002  2.166644E-0002  1.041037E-0001  3.073592E-0002  0.000000E+0000  4.450408E-0002  2.803297E-0002  2.742977E-0002  2.385347E-0002
  4.253662E-0002  2.140297E-0002  4.827502E-0002  6.581828E-0002  1.466733E-0001  1.884101E-0002  4.450408E-0002  0.000000E+0000  1.348688E-0001  6.511050E-0002  1.209519E-0001
  1.120716E-0001  1.075749E-0002  3.769153E-0002  1.212509E-0001  3.239745E-0002  1.376826E-0001  2.803297E-0002  1.348688E-0001  0.000000E+0000  1.336538E-0001  6.765359E-0002
  2.356318E-0003  5.055339E-0002  3.488972E-0002  3.029594E-0002  2.950221E-0001  5.951767E-0002  2.742977E-0002  6.511050E-0002  1.336538E-0001  0.000000E+0000  3.217237E-0002
  4.636959E-0002  3.553507E-0002  2.152541E-0002  2.413801E-0002  2.479500E-0001  3.547123E-0002  2.385347E-0002  1.209519E-0001  6.765359E-0002  3.217237E-0002  0.000000E+0000

  0.000000E+0000  5.223557E-0003  1.860836E-0003  5.944055E-0004  2.784027E-0003  8.828694E-0003  4.588282E-0003  9.121530E-0003  4.778303E-0003  3.393383E-0003  5.801535E-0003
  5.223557E-0003  0.000000E+0000  2.659036E-0004  6.026917E-0003  4.874090E-0003  8.473994E-0003  5.295709E-0003  2.255894E-0003  8.637927E-0003  6.149790E-0003  1.166302E-0002
  1.860836E-0003  2.659036E-0004  0.000000E+0000  3.991944E-0004  1.842264E-0003  4.632060E-0004  6.766102E-0004  4.957349E-0003  6.546559E-0003  4.617161E-0004  2.087386E-0003
  5.944055E-0004  6.026917E-0003  3.991944E-0004  0.000000E+0000  2.568738E-0003  9.195588E-0003  9.853839E-0003  1.366178E-0002  7.432672E-0004  7.712906E-0003  3.790182E-0003
  2.784027E-0003  4.874090E-0003  1.842264E-0003  2.568738E-0003  0.000000E+0000  4.020664E-0003  3.161234E-0003  7.293577E-0003  1.000961E-0002  2.395658E-0003  6.074053E-0003
  8.828694E-0003  8.473994E-0003  4.632060E-0004  9.195588E-0003  4.020664E-0003  0.000000E+0000  1.267237E-0002  1.535663E-0002  1.116860E-0002  1.307949E-0002  1.069524E-0002
  4.588282E-0003  5.295709E-0003  6.766102E-0004  9.853839E-0003  3.161234E-0003  1.267237E-0002  0.000000E+0000  1.083452E-0002  5.495666E-0003  1.096933E-0002  1.372979E-0002
  9.121530E-0003  2.255894E-0003  4.957349E-0003  1.366178E-0002  7.293577E-0003  1.535663E-0002  1.083452E-0002  0.000000E+0000  1.849592E-0002  1.241211E-0002  2.547467E-0002
  4.778303E-0003  8.637927E-0003  6.546559E-0003  7.432672E-0004  1.000961E-0002  1.116860E-0002  5.495666E-0003  1.849592E-0002  0.000000E+0000  4.592593E-0003  2.064062E-0003
  3.393383E-0003  6.149790E-0003  4.617161E-0004  7.712906E-0003  2.395658E-0003  1.307949E-0002  1.096933E-0002  1.241211E-0002  4.592593E-0003  0.000000E+0000  8.882547E-0003
  5.801535E-0003  1.166302E-0002  2.087386E-0003  3.790182E-0003  6.074053E-0003  1.069524E-0002  1.372979E-0002  2.547467E-0002  2.064062E-0003  8.882547E-0003  0.000000E+0000

  0.000000E+0000  3.807419E-0003  4.575451E-0003  6.486712E-0003  8.168284E-0003  4.295438E-0003  1.390235E-0003  1.438736E-0003  7.032415E-0004  8.532012E-0003  4.569625E-0003
  3.807419E-0003  0.000000E+0000  3.872337E-0003  1.671533E-0002  8.874894E-0004  2.536963E-0002  9.076344E-0003  2.750882E-0003  7.675844E-0003  2.464958E-0002  1.285742E-0002
  4.575451E-0003  3.872337E-0003  0.000000E+0000  7.865479E-0003  1.687366E-0002  1.186024E-0002  1.610195E-0003  4.379182E-0003  9.873723E-0003  1.479913E-0002  5.161011E-0003
  6.486712E-0003  1.671533E-0002  7.865479E-0003  0.000000E+0000  1.401797E-0002  2.931142E-0002  4.921800E-0003  2.817061E-0002  1.918299E-0002  2.682781E-0002  5.621179E-0003
  8.168284E-0003  8.874894E-0004  1.687366E-0002  1.401797E-0002  0.000000E+0000  2.383583E-0002  6.673777E-0003  9.949222E-0003  1.745094E-0002  2.243173E-0002  8.467243E-0003
  4.295438E-0003  2.536963E-0002  1.186024E-0002  2.931142E-0002  2.383583E-0002  0.000000E+0000  9.672129E-0003  3.016426E-0002  7.102709E-0003  4.762557E-0002  2.953194E-0002
  1.390235E-0003  9.076344E-0003  1.610195E-0003  4.921800E-0003  6.673777E-0003  9.672129E-0003  0.000000E+0000  1.368716E-0002  5.840639E-0003  8.968920E-0003  3.947484E-0003
  1.438736E-0003  2.750882E-0003  4.379182E-0003  2.817061E-0002  9.949222E-0003  3.016426E-0002  1.368716E-0002  0.000000E+0000  4.561646E-0003  3.045370E-0002  2.303536E-0002
  7.032415E-0004  7.675844E-0003  9.873723E-0003  1.918299E-0002  1.745094E-0002  7.102709E-0003  5.840639E-0003  4.561646E-0003  0.000000E+0000  1.987496E-0002  1.225088E-0002
  8.532012E-0003  2.464958E-0002  1.479913E-0002  2.682781E-0002  2.243173E-0002  4.762557E-0002  8.968920E-0003  3.045370E-0002  1.987496E-0002  0.000000E+0000  2.877979E-0002
  4.569625E-0003  1.285742E-0002  5.161011E-0003  5.621179E-0003  8.467243E-0003  2.953194E-0002  3.947484E-0003  2.303536E-0002  1.225088E-0002  2.877979E-0002  0.000000E+0000

  0.000000E+0000  1.101251E-0003  3.526080E-0003  8.569774E-0004  1.694131E-0002  5.637106E-0003  3.065382E-0003  4.881943E-0003  5.957749E-0003  2.751366E-0003  1.113810E-0002
  1.101251E-0003  0.000000E+0000  3.507261E-0004  7.385910E-0004  2.547689E-0003  1.769961E-0003  1.061219E-0003  3.855732E-0003  1.116929E-0003  1.365550E-0003  5.669757E-0003
  3.526080E-0003  3.507261E-0004  0.000000E+0000  1.646164E-0003  6.652749E-0003  6.805796E-0003  3.048195E-0003  5.506397E-0003  1.176148E-0002  4.130390E-0003  6.496123E-0003
  8.569774E-0004  7.385910E-0004  1.646164E-0003  0.000000E+0000  2.996290E-0003  4.124748E-0003  1.472065E-0003  5.571544E-0003  2.643692E-0003  2.901377E-0003  1.993577E-0003
  1.694131E-0002  2.547689E-0003  6.652749E-0003  2.996290E-0003  0.000000E+0000  1.102304E-0002  6.382598E-0003  2.026396E-0002  5.475821E-0003  7.292679E-0003  9.628666E-0003
  5.637106E-0003  1.769961E-0003  6.805796E-0003  4.124748E-0003  1.102304E-0002  0.000000E+0000  7.153732E-0004  9.248330E-0003  3.164555E-0003  4.647868E-0003  1.932712E-0003
  3.065382E-0003  1.061219E-0003  3.048195E-0003  1.472065E-0003  6.382598E-0003  7.153732E-0004  0.000000E+0000  3.275430E-0003  2.631794E-0003  1.369922E-0003  8.432220E-0004
  4.881943E-0003  3.855732E-0003  5.506397E-0003  5.571544E-0003  2.026396E-0002  9.248330E-0003  3.275430E-0003  0.000000E+0000  1.663529E-0002  9.854770E-0003  1.841042E-0002
  5.957749E-0003  1.116929E-0003  1.176148E-0002  2.643692E-0003  5.475821E-0003  3.164555E-0003  2.631794E-0003  1.663529E-0002  0.000000E+0000  2.503882E-0003  1.076382E-0002
  2.751366E-0003  1.365550E-0003  4.130390E-0003  2.901377E-0003  7.292679E-0003  4.647868E-0003  1.369922E-0003  9.854770E-0003  2.503882E-0003  0.000000E+0000  2.166949E-0003
  1.113810E-0002  5.669757E-0003  6.496123E-0003  1.993577E-0003  9.628666E-0003  1.932712E-0003  8.432220E-0004  1.841042E-0002  1.076382E-0002  2.166949E-0003  0.000000E+0000

  0.000000E+0000  1.320736E-0002  4.423947E-0002  5.318725E-0002  9.248442E-0002  9.631834E-0002  4.875554E-0002  7.410695E-0002  6.873286E-0002  9.480911E-0002  6.628355E-0002
  1.320736E-0002  0.000000E+0000  6.864766E-0003  4.205489E-0003  2.530448E-0002  9.613775E-0003  5.380134E-0003  1.726692E-0002  1.204036E-0002  7.264583E-0003  7.898571E-0003
  4.423947E-0002  6.864766E-0003  0.000000E+0000  1.550147E-0002  5.289987E-0002  5.246290E-0002  3.545799E-0002  3.184682E-0002  5.472289E-0002  2.377883E-0002  7.614319E-0002
  5.318725E-0002  4.205489E-0003  1.550147E-0002  0.000000E+0000  3.543644E-0002  7.543628E-0002  3.219428E-0002  2.270466E-0002  2.418083E-0002  5.079820E-0002  8.965878E-0002
  9.248442E-0002  2.530448E-0002  5.289987E-0002  3.543644E-0002  0.000000E+0000  9.701209E-0002  2.870409E-0002  2.206526E-0001  1.294444E-0001  8.431455E-0002  1.014127E-0001
  9.631834E-0002  9.613775E-0003  5.246290E-0002  7.543628E-0002  9.701209E-0002  0.000000E+0000  7.387257E-0002  8.894301E-0002  1.392434E-0001  2.074973E-0001  2.529847E-0001
  4.875554E-0002  5.380134E-0003  3.545799E-0002  3.219428E-0002  2.870409E-0002  7.387257E-0002  0.000000E+0000  5.096212E-0002  9.271809E-0002  6.589105E-0002  1.541942E-0001
  7.410695E-0002  1.726692E-0002  3.184682E-0002  2.270466E-0002  2.206526E-0001  8.894301E-0002  5.096212E-0002  0.000000E+0000  5.365739E-0002  7.794191E-0002  1.097354E-0001
  6.873286E-0002  1.204036E-0002  5.472289E-0002  2.418083E-0002  1.294444E-0001  1.392434E-0001  9.271809E-0002  5.365739E-0002  0.000000E+0000  8.373524E-0002  1.459412E-0001
  9.480911E-0002  7.264583E-0003  2.377883E-0002  5.079820E-0002  8.431455E-0002  2.074973E-0001  6.589105E-0002  7.794191E-0002  8.373524E-0002  0.000000E+0000  2.029336E-0001
  6.628355E-0002  7.898571E-0003  7.614319E-0002  8.965878E-0002  1.014127E-0001  2.529847E-0001  1.541942E-0001  1.097354E-0001  1.459412E-0001  2.029336E-0001  0.000000E+0000

  0.000000E+0000  7.709237E-0003  1.182178E-0002  3.431495E-0002  1.981843E-0002  3.456969E-0002  1.015239E-0002  9.113430E-0003  1.335838E-0002  4.032563E-0002  2.541209E-0002
  7.709237E-0003  0.000000E+0000  6.994347E-0003  3.631750E-0003  2.843744E-0003  3.273249E-0003  9.294020E-0004  1.412348E-0002  1.212184E-0002  3.502611E-0003  8.300429E-0003
  1.182178E-0002  6.994347E-0003  0.000000E+0000  2.735142E-0003  1.890726E-0002  1.283954E-0002  7.367168E-0003  9.138617E-0003  6.783822E-0003  9.940759E-0003  1.570809E-0002
  3.431495E-0002  3.631750E-0003  2.735142E-0003  0.000000E+0000  1.777915E-0002  4.190144E-0002  1.149640E-0002  2.030104E-0002  1.024129E-0003  3.426734E-0002  1.750020E-0002
  1.981843E-0002  2.843744E-0003  1.890726E-0002  1.777915E-0002  0.000000E+0000  3.136145E-0002  1.747389E-0002  2.497044E-0002  2.475813E-0002  3.000503E-0002  1.777344E-0002
  3.456969E-0002  3.273249E-0003  1.283954E-0002  4.190144E-0002  3.136145E-0002  0.000000E+0000  2.289499E-0003  2.373658E-0002  8.292136E-0003  5.220307E-0002  3.084986E-0002
  1.015239E-0002  9.294020E-0004  7.367168E-0003  1.149640E-0002  1.747389E-0002  2.289499E-0003  0.000000E+0000  4.467512E-0003  3.710869E-0003  8.855065E-0003  8.314093E-0003
  9.113430E-0003  1.412348E-0002  9.138617E-0003  2.030104E-0002  2.497044E-0002  2.373658E-0002  4.467512E-0003  0.000000E+0000  1.903468E-0002  2.507548E-0002  3.502030E-0002
  1.335838E-0002  1.212184E-0002  6.783822E-0003  1.024129E-0003  2.475813E-0002  8.292136E-0003  3.710869E-0003  1.903468E-0002  0.000000E+0000  5.121024E-0003  1.878597E-0002
  4.032563E-0002  3.502611E-0003  9.940759E-0003  3.426734E-0002  3.000503E-0002  5.220307E-0002  8.855065E-0003  2.507548E-0002  5.121024E-0003  0.000000E+0000  2.407897E-0002
  2.541209E-0002  8.300429E-0003  1.570809E-0002  1.750020E-0002  1.777344E-0002  3.084986E-0002  8.314093E-0003  3.502030E-0002  1.878597E-0002  2.407897E-0002  0.000000E+0000

  0.000000E+0000  7.372068E-0004  1.155093E-0003  1.630580E-0003  3.750096E-0003  2.056641E-0003  5.541499E-0004  2.628471E-0003  2.906507E-0003  2.536722E-0003  1.886692E-0003
  7.372068E-0004  0.000000E+0000  1.397426E-0003  7.531633E-0005  8.825252E-0004  7.058302E-0004  7.452474E-0005  2.040137E-0003  2.972553E-0003  7.394188E-0005  6.125483E-0004
  1.155093E-0003  1.397426E-0003  0.000000E+0000  2.389702E-0004  1.019964E-0003  2.117945E-0003  2.368576E-0004  2.776618E-0003  4.865766E-0003  5.135267E-0004  1.086997E-0003
  1.630580E-0003  7.531633E-0005  2.389702E-0004  0.000000E+0000  2.832621E-0004  1.139361E-0003  2.441820E-0003  4.783685E-0004  6.059829E-0004  8.064121E-0004  7.040487E-0004
  3.750096E-0003  8.825252E-0004  1.019964E-0003  2.832621E-0004  0.000000E+0000  2.711538E-0003  3.536974E-0003  2.443992E-0003  1.296436E-0003  8.886030E-0004  1.093281E-0003
  2.056641E-0003  7.058302E-0004  2.117945E-0003  1.139361E-0003  2.711538E-0003  0.000000E+0000  2.297786E-0003  3.798764E-0003  8.682297E-0004  1.526093E-0003  1.085786E-0003
  5.541499E-0004  7.452474E-0005  2.368576E-0004  2.441820E-0003  3.536974E-0003  2.297786E-0003  0.000000E+0000  8.113675E-0004  3.769123E-0003  4.946706E-0003  1.456475E-0003
  2.628471E-0003  2.040137E-0003  2.776618E-0003  4.783685E-0004  2.443992E-0003  3.798764E-0003  8.113675E-0004  0.000000E+0000  1.525526E-0002  1.729822E-0003  4.067079E-0003
  2.906507E-0003  2.972553E-0003  4.865766E-0003  6.059829E-0004  1.296436E-0003  8.682297E-0004  3.769123E-0003  1.525526E-0002  0.000000E+0000  8.482278E-0004  3.138354E-0003
  2.536722E-0003  7.394188E-0005  5.135267E-0004  8.064121E-0004  8.886030E-0004  1.526093E-0003  4.946706E-0003  1.729822E-0003  8.482278E-0004  0.000000E+0000  6.766722E-0004
  1.886692E-0003  6.125483E-0004  1.086997E-0003  7.040487E-0004  1.093281E-0003  1.085786E-0003  1.456475E-0003  4.067079E-0003  3.138354E-0003  6.766722E-0004  0.000000E+0000
