6661999 = Ignore first line (new format code)
File name: E:\Folders\PhD\ISAD\ISAD_Curry_data\ISAD_EEGs\eLORETA\EEGs_128Hz_200sec-window\Clinical_v_Healthy\T1_clinical_all\F20-ROIlinLagConn-crss.txt
1 = Number of time frames in Time X Frequency decomposition
3 = Number of EEG files
11 = Number Electrodes
25600 = Number of time frames in EEG files
32768 = Number of time frames in EEG files power of 2
7 = Number of matrices
5 = Band type (1=Classical1; 2=Classical2; 3=DiscreteFreqs; 4=AllDiscreteFreqs; 5=UserDefinedBands)
 1.280000E+0002 = Sampling rate Hz
-1.000000E+0002 = Freq1 Hz
-1.000000E+0002 = Freq2 Hz
 3.906250E-0003 = Frequency resolution Hz

  0.000000E+0000  2.591492E-0003  6.457044E-0003  8.186898E-0003  8.072410E-0003  7.443679E-0003  6.706388E-0003  8.317226E-0003  7.940730E-0003  7.146846E-0003  8.014804E-0003
  2.591492E-0003  0.000000E+0000  1.731447E-0003  2.445089E-0003  2.945227E-0003  2.841156E-0003  3.586029E-0003  3.329732E-0003  2.341009E-0003  3.104587E-0003  4.457662E-0003
  6.457044E-0003  1.731447E-0003  0.000000E+0000  6.332579E-0003  6.688989E-0003  6.175868E-0003  6.151124E-0003  7.306912E-0003  5.908178E-0003  6.146642E-0003  7.503504E-0003
  8.186898E-0003  2.445089E-0003  6.332579E-0003  0.000000E+0000  8.136249E-0003  7.043656E-0003  6.733833E-0003  7.136413E-0003  8.269331E-0003  6.151661E-0003  7.830792E-0003
  8.072410E-0003  2.945227E-0003  6.688989E-0003  8.136249E-0003  0.000000E+0000  7.392631E-0003  6.670108E-0003  8.250104E-0003  8.137397E-0003  7.073619E-0003  7.746510E-0003
  7.443679E-0003  2.841156E-0003  6.175868E-0003  7.043656E-0003  7.392631E-0003  0.000000E+0000  5.725785E-0003  7.584935E-0003  7.496536E-0003  6.488595E-0003  7.358214E-0003
  6.706388E-0003  3.586029E-0003  6.151124E-0003  6.733833E-0003  6.670108E-0003  5.725785E-0003  0.000000E+0000  6.524064E-0003  6.623811E-0003  5.147357E-0003  5.425613E-0003
  8.317226E-0003  3.329732E-0003  7.306912E-0003  7.136413E-0003  8.250104E-0003  7.584935E-0003  6.524064E-0003  0.000000E+0000  8.418771E-0003  6.542447E-0003  7.670643E-0003
  7.940730E-0003  2.341009E-0003  5.908178E-0003  8.269331E-0003  8.137397E-0003  7.496536E-0003  6.623811E-0003  8.418771E-0003  0.000000E+0000  7.225315E-0003  7.899494E-0003
  7.146846E-0003  3.104587E-0003  6.146642E-0003  6.151661E-0003  7.073619E-0003  6.488595E-0003  5.147357E-0003  6.542447E-0003  7.225315E-0003  0.000000E+0000  5.684379E-0003
  8.014804E-0003  4.457662E-0003  7.503504E-0003  7.830792E-0003  7.746510E-0003  7.358214E-0003  5.425613E-0003  7.670643E-0003  7.899494E-0003  5.684379E-0003  0.000000E+0000

  0.000000E+0000  1.875615E-0005  4.461531E-0005  5.464567E-0005  5.397071E-0005  5.002418E-0005  4.803306E-0005  5.521702E-0005  5.364791E-0005  4.812732E-0005  5.389383E-0005
  1.875615E-0005  0.000000E+0000  1.465198E-0005  1.781906E-0005  2.038909E-0005  1.972122E-0005  2.269517E-0005  2.208356E-0005  1.700478E-0005  2.081140E-0005  2.608061E-0005
  4.461531E-0005  1.465198E-0005  0.000000E+0000  4.488787E-0005  4.570436E-0005  4.388640E-0005  4.338582E-0005  4.902582E-0005  4.198308E-0005  4.366609E-0005  4.944591E-0005
  5.464567E-0005  1.781906E-0005  4.488787E-0005  0.000000E+0000  5.427745E-0005  4.877531E-0005  4.607312E-0005  4.927831E-0005  5.526546E-0005  4.276251E-0005  5.193717E-0005
  5.397071E-0005  2.038909E-0005  4.570436E-0005  5.427745E-0005  0.000000E+0000  4.930721E-0005  4.563558E-0005  5.470707E-0005  5.454858E-0005  4.714533E-0005  5.121478E-0005
  5.002418E-0005  1.972122E-0005  4.388640E-0005  4.877531E-0005  4.930721E-0005  0.000000E+0000  4.029676E-0005  5.071699E-0005  5.101012E-0005  4.526416E-0005  4.833105E-0005
  4.803306E-0005  2.269517E-0005  4.338582E-0005  4.607312E-0005  4.563558E-0005  4.029676E-0005  0.000000E+0000  4.307976E-0005  4.716128E-0005  3.223511E-0005  3.566962E-0005
  5.521702E-0005  2.208356E-0005  4.902582E-0005  4.927831E-0005  5.470707E-0005  5.071699E-0005  4.307976E-0005  0.000000E+0000  5.600831E-0005  4.566601E-0005  5.033880E-0005
  5.364791E-0005  1.700478E-0005  4.198308E-0005  5.526546E-0005  5.454858E-0005  5.101012E-0005  4.716128E-0005  5.600831E-0005  0.000000E+0000  4.944753E-0005  5.283793E-0005
  4.812732E-0005  2.081140E-0005  4.366609E-0005  4.276251E-0005  4.714533E-0005  4.526416E-0005  3.223511E-0005  4.566601E-0005  4.944753E-0005  0.000000E+0000  3.448157E-0005
  5.389383E-0005  2.608061E-0005  4.944591E-0005  5.193717E-0005  5.121478E-0005  4.833105E-0005  3.566962E-0005  5.033880E-0005  5.283793E-0005  3.448157E-0005  0.000000E+0000

  0.000000E+0000  8.946566E-0004  2.473646E-0003  3.629107E-0003  3.539150E-0003  3.060180E-0003  3.063616E-0003  3.711352E-0003  3.448612E-0003  3.017652E-0003  3.584967E-0003
  8.946566E-0004  0.000000E+0000  7.514657E-0004  1.305430E-0003  1.159336E-0003  1.406813E-0003  1.088563E-0003  1.670506E-0003  9.032711E-0004  1.402655E-0003  1.362160E-0003
  2.473646E-0003  7.514657E-0004  0.000000E+0000  3.103583E-0003  2.965210E-0003  2.852365E-0003  2.560259E-0003  3.392498E-0003  2.216931E-0003  2.789246E-0003  3.133657E-0003
  3.629107E-0003  1.305430E-0003  3.103583E-0003  0.000000E+0000  3.612163E-0003  3.316791E-0003  3.189867E-0003  3.344448E-0003  3.656694E-0003  3.005782E-0003  3.505987E-0003
  3.539150E-0003  1.159336E-0003  2.965210E-0003  3.612163E-0003  0.000000E+0000  3.208439E-0003  3.122312E-0003  3.680755E-0003  3.562167E-0003  2.942454E-0003  3.425860E-0003
  3.060180E-0003  1.406813E-0003  2.852365E-0003  3.316791E-0003  3.208439E-0003  0.000000E+0000  2.331678E-0003  3.477323E-0003  3.118923E-0003  2.801803E-0003  2.991886E-0003
  3.063616E-0003  1.088563E-0003  2.560259E-0003  3.189867E-0003  3.122312E-0003  2.331678E-0003  0.000000E+0000  3.012677E-0003  2.992379E-0003  1.931455E-0003  2.112528E-0003
  3.711352E-0003  1.670506E-0003  3.392498E-0003  3.344448E-0003  3.680755E-0003  3.477323E-0003  3.012677E-0003  0.000000E+0000  3.758255E-0003  2.825781E-0003  3.416057E-0003
  3.448612E-0003  9.032711E-0004  2.216931E-0003  3.656694E-0003  3.562167E-0003  3.118923E-0003  2.992379E-0003  3.758255E-0003  0.000000E+0000  2.942444E-0003  3.485649E-0003
  3.017652E-0003  1.402655E-0003  2.789246E-0003  3.005782E-0003  2.942454E-0003  2.801803E-0003  1.931455E-0003  2.825781E-0003  2.942444E-0003  0.000000E+0000  2.025915E-0003
  3.584967E-0003  1.362160E-0003  3.133657E-0003  3.505987E-0003  3.425860E-0003  2.991886E-0003  2.112528E-0003  3.416057E-0003  3.485649E-0003  2.025915E-0003  0.000000E+0000

  0.000000E+0000  5.425082E-0006  1.415556E-0005  2.119984E-0005  2.067148E-0005  1.809524E-0005  1.808528E-0005  2.171030E-0005  2.012403E-0005  1.780858E-0005  2.093918E-0005
  5.425082E-0006  0.000000E+0000  4.278493E-0006  7.511391E-0006  6.962089E-0006  7.973564E-0006  5.942175E-0006  9.451412E-0006  5.472496E-0006  7.830368E-0006  7.357504E-0006
  1.415556E-0005  4.278493E-0006  0.000000E+0000  1.830342E-0005  1.754576E-0005  1.668766E-0005  1.481511E-0005  1.979754E-0005  1.267447E-0005  1.624183E-0005  1.797500E-0005
  2.119984E-0005  7.511391E-0006  1.830342E-0005  0.000000E+0000  2.109344E-0005  1.947991E-0005  1.869953E-0005  1.967666E-0005  2.137865E-0005  1.756713E-0005  2.042228E-0005
  2.067148E-0005  6.962089E-0006  1.754576E-0005  2.109344E-0005  0.000000E+0000  1.888013E-0005  1.829816E-0005  2.151597E-0005  2.082863E-0005  1.719996E-0005  1.992881E-0005
  1.809524E-0005  7.973564E-0006  1.668766E-0005  1.947991E-0005  1.888013E-0005  0.000000E+0000  1.313658E-0005  2.025800E-0005  1.805564E-0005  1.613758E-0005  1.695676E-0005
  1.808528E-0005  5.942175E-0006  1.481511E-0005  1.869953E-0005  1.829816E-0005  1.313658E-0005  0.000000E+0000  1.742882E-0005  1.758286E-0005  1.062280E-0005  1.192678E-0005
  2.171030E-0005  9.451412E-0006  1.979754E-0005  1.967666E-0005  2.151597E-0005  2.025800E-0005  1.742882E-0005  0.000000E+0000  2.202582E-0005  1.637152E-0005  1.984938E-0005
  2.012403E-0005  5.472496E-0006  1.267447E-0005  2.137865E-0005  2.082863E-0005  1.805564E-0005  1.758286E-0005  2.202582E-0005  0.000000E+0000  1.732336E-0005  2.026106E-0005
  1.780858E-0005  7.830368E-0006  1.624183E-0005  1.756713E-0005  1.719996E-0005  1.613758E-0005  1.062280E-0005  1.637152E-0005  1.732336E-0005  0.000000E+0000  1.142185E-0005
  2.093918E-0005  7.357504E-0006  1.797500E-0005  2.042228E-0005  1.992881E-0005  1.695676E-0005  1.192678E-0005  1.984938E-0005  2.026106E-0005  1.142185E-0005  0.000000E+0000

  0.000000E+0000  1.780041E-0003  4.873370E-0003  8.045096E-0003  7.769279E-0003  6.709273E-0003  6.640315E-0003  8.293647E-0003  7.494778E-0003  6.591924E-0003  7.958611E-0003
  1.780041E-0003  0.000000E+0000  1.423358E-0003  2.917002E-0003  2.688862E-0003  2.934516E-0003  1.900767E-0003  3.613883E-0003  1.809730E-0003  2.818699E-0003  2.656559E-0003
  4.873370E-0003  1.423358E-0003  0.000000E+0000  6.982965E-0003  6.620678E-0003  6.152268E-0003  5.215295E-0003  7.593622E-0003  4.275442E-0003  5.952719E-0003  6.616089E-0003
  8.045096E-0003  2.917002E-0003  6.982965E-0003  0.000000E+0000  8.007231E-0003  7.414463E-0003  7.119570E-0003  7.474908E-0003  8.107681E-0003  6.737110E-0003  7.768441E-0003
  7.769279E-0003  2.688862E-0003  6.620678E-0003  8.007231E-0003  0.000000E+0000  7.108954E-0003  6.904743E-0003  8.213167E-0003  7.821266E-0003  6.535458E-0003  7.520605E-0003
  6.709273E-0003  2.934516E-0003  6.152268E-0003  7.414463E-0003  7.108954E-0003  0.000000E+0000  4.698756E-0003  7.770627E-0003  6.540718E-0003  5.865039E-0003  6.206573E-0003
  6.640315E-0003  1.900767E-0003  5.215295E-0003  7.119570E-0003  6.904743E-0003  4.698756E-0003  0.000000E+0000  6.613296E-0003  6.433892E-0003  3.723887E-0003  4.147736E-0003
  8.293647E-0003  3.613883E-0003  7.593622E-0003  7.474908E-0003  8.213167E-0003  7.770627E-0003  6.613296E-0003  0.000000E+0000  8.418991E-0003  6.168536E-0003  7.527474E-0003
  7.494778E-0003  1.809730E-0003  4.275442E-0003  8.107681E-0003  7.821266E-0003  6.540718E-0003  6.433892E-0003  8.418991E-0003  0.000000E+0000  6.420605E-0003  7.655157E-0003
  6.591924E-0003  2.818699E-0003  5.952719E-0003  6.737110E-0003  6.535458E-0003  5.865039E-0003  3.723887E-0003  6.168536E-0003  6.420605E-0003  0.000000E+0000  4.001049E-0003
  7.958611E-0003  2.656559E-0003  6.616089E-0003  7.768441E-0003  7.520605E-0003  6.206573E-0003  4.147736E-0003  7.527474E-0003  7.655157E-0003  4.001049E-0003  0.000000E+0000

  0.000000E+0000  1.023250E-0004  2.521538E-0004  3.585656E-0004  3.502399E-0004  3.105106E-0004  3.116315E-0004  3.651663E-0004  3.436511E-0004  3.073301E-0004  3.547796E-0004
  1.023250E-0004  0.000000E+0000  7.908936E-0005  1.260637E-0004  1.154176E-0004  1.336931E-0004  1.085075E-0004  1.545390E-0004  1.027641E-0004  1.333124E-0004  1.310823E-0004
  2.521538E-0004  7.908936E-0005  0.000000E+0000  3.089308E-0004  2.972760E-0004  2.862421E-0004  2.606039E-0004  3.311693E-0004  2.292463E-0004  2.810528E-0004  3.087699E-0004
  3.585656E-0004  1.260637E-0004  3.089308E-0004  0.000000E+0000  3.565419E-0004  3.290062E-0004  3.130311E-0004  3.319534E-0004  3.618902E-0004  2.951998E-0004  3.434602E-0004
  3.502399E-0004  1.154176E-0004  2.972760E-0004  3.565419E-0004  0.000000E+0000  3.197943E-0004  3.067449E-0004  3.617200E-0004  3.533027E-0004  2.896216E-0004  3.352843E-0004
  3.105106E-0004  1.336931E-0004  2.862421E-0004  3.290062E-0004  3.197943E-0004  0.000000E+0000  2.258102E-0004  3.400028E-0004  3.128526E-0004  2.819979E-0004  2.952623E-0004
  3.116315E-0004  1.085075E-0004  2.606039E-0004  3.130311E-0004  3.067449E-0004  2.258102E-0004  0.000000E+0000  2.893616E-0004  3.036325E-0004  1.855014E-0004  2.071933E-0004
  3.651663E-0004  1.545390E-0004  3.311693E-0004  3.319534E-0004  3.617200E-0004  3.400028E-0004  2.893616E-0004  0.000000E+0000  3.704731E-0004  2.847321E-0004  3.319773E-0004
  3.436511E-0004  1.027641E-0004  2.292463E-0004  3.618902E-0004  3.533027E-0004  3.128526E-0004  3.036325E-0004  3.704731E-0004  0.000000E+0000  2.986766E-0004  3.444139E-0004
  3.073301E-0004  1.333124E-0004  2.810528E-0004  2.951998E-0004  2.896216E-0004  2.819979E-0004  1.855014E-0004  2.847321E-0004  2.986766E-0004  0.000000E+0000  1.974930E-0004
  3.547796E-0004  1.310823E-0004  3.087699E-0004  3.434602E-0004  3.352843E-0004  2.952623E-0004  2.071933E-0004  3.319773E-0004  3.444139E-0004  1.974930E-0004  0.000000E+0000

  0.000000E+0000  5.225050E-0005  1.320401E-0004  1.698210E-0004  1.671262E-0004  1.521376E-0004  1.489358E-0004  1.716547E-0004  1.654446E-0004  1.463432E-0004  1.676287E-0004
  5.225050E-0005  0.000000E+0000  4.360476E-0005  5.850759E-0005  5.409473E-0005  6.373406E-0005  6.354230E-0005  7.175701E-0005  5.188990E-0005  6.583258E-0005  7.462060E-0005
  1.320401E-0004  4.360476E-0005  0.000000E+0000  1.429059E-0004  1.381708E-0004  1.373927E-0004  1.311966E-0004  1.542321E-0004  1.229976E-0004  1.360366E-0004  1.514384E-0004
  1.698210E-0004  5.850759E-0005  1.429059E-0004  0.000000E+0000  1.688409E-0004  1.539006E-0004  1.457708E-0004  1.556672E-0004  1.715772E-0004  1.364135E-0004  1.620546E-0004
  1.671262E-0004  5.409473E-0005  1.381708E-0004  1.688409E-0004  0.000000E+0000  1.505464E-0004  1.438560E-0004  1.702343E-0004  1.687661E-0004  1.419520E-0004  1.592908E-0004
  1.521376E-0004  6.373406E-0005  1.373927E-0004  1.539006E-0004  1.505464E-0004  0.000000E+0000  1.192504E-0004  1.591951E-0004  1.554469E-0004  1.395110E-0004  1.474682E-0004
  1.489358E-0004  6.354230E-0005  1.311966E-0004  1.457708E-0004  1.438560E-0004  1.192504E-0004  0.000000E+0000  1.359771E-0004  1.457891E-0004  9.745233E-0005  1.079504E-0004
  1.716547E-0004  7.175701E-0005  1.542321E-0004  1.556672E-0004  1.702343E-0004  1.591951E-0004  1.359771E-0004  0.000000E+0000  1.740001E-0004  1.410688E-0004  1.567580E-0004
  1.654446E-0004  5.188990E-0005  1.229976E-0004  1.715772E-0004  1.687661E-0004  1.554469E-0004  1.457891E-0004  1.740001E-0004  0.000000E+0000  1.497023E-0004  1.637178E-0004
  1.463432E-0004  6.583258E-0005  1.360366E-0004  1.364135E-0004  1.419520E-0004  1.395110E-0004  9.745233E-0005  1.410688E-0004  1.497023E-0004  0.000000E+0000  1.026423E-0004
  1.676287E-0004  7.462060E-0005  1.514384E-0004  1.620546E-0004  1.592908E-0004  1.474682E-0004  1.079504E-0004  1.567580E-0004  1.637178E-0004  1.026423E-0004  0.000000E+0000
