6661999 = Ignore first line (new format code)
File name: E:\Folders\PhD\ISAD\ISAD_Curry_data\ISAD_EEGs\eLORETA\EEGs_128Hz_200sec-window\Clinical_v_Healthy\T1_clinical_all\F22-ROIlinLagConn-crss.txt
1 = Number of time frames in Time X Frequency decomposition
3 = Number of EEG files
11 = Number Electrodes
25600 = Number of time frames in EEG files
32768 = Number of time frames in EEG files power of 2
7 = Number of matrices
5 = Band type (1=Classical1; 2=Classical2; 3=DiscreteFreqs; 4=AllDiscreteFreqs; 5=UserDefinedBands)
 1.280000E+0002 = Sampling rate Hz
-1.000000E+0002 = Freq1 Hz
-1.000000E+0002 = Freq2 Hz
 3.906250E-0003 = Frequency resolution Hz

  0.000000E+0000  3.643956E-0003  2.301587E-0003  4.821714E-0003  1.116981E-0002  1.110191E-0002  1.017947E-0002  1.118921E-0002  1.443017E-0002  5.650328E-0003  1.952879E-0002
  3.643956E-0003  0.000000E+0000  1.209042E-0003  2.369227E-0002  5.202828E-0003  2.480872E-0002  1.129251E-0002  2.000838E-0003  1.479169E-0003  2.318059E-0002  8.978925E-0003
  2.301587E-0003  1.209042E-0003  0.000000E+0000  2.188969E-0002  2.632281E-0003  2.726374E-0002  1.653926E-0003  3.292697E-0003  3.672714E-0003  2.355134E-0002  1.068645E-0002
  4.821714E-0003  2.369227E-0002  2.188969E-0002  0.000000E+0000  4.529999E-0002  5.868413E-0002  5.095612E-0003  1.492341E-0002  1.706821E-0002  1.191653E-0002  3.963838E-0003
  1.116981E-0002  5.202828E-0003  2.632281E-0003  4.529999E-0002  0.000000E+0000  5.854650E-0002  6.845654E-0003  8.224074E-0003  9.613198E-0003  3.814479E-0002  2.145605E-0002
  1.110191E-0002  2.480872E-0002  2.726374E-0002  5.868413E-0002  5.854650E-0002  0.000000E+0000  3.054069E-0003  1.363187E-0002  1.226943E-0002  5.432091E-0002  2.547997E-0002
  1.017947E-0002  1.129251E-0002  1.653926E-0003  5.095612E-0003  6.845654E-0003  3.054069E-0003  0.000000E+0000  9.368349E-0003  2.028267E-0002  2.767900E-0003  4.720743E-0003
  1.118921E-0002  2.000838E-0003  3.292697E-0003  1.492341E-0002  8.224074E-0003  1.363187E-0002  9.368349E-0003  0.000000E+0000  1.104539E-0002  1.356467E-0002  1.439305E-0002
  1.443017E-0002  1.479169E-0003  3.672714E-0003  1.706821E-0002  9.613198E-0003  1.226943E-0002  2.028267E-0002  1.104539E-0002  0.000000E+0000  2.439506E-0002  1.958340E-0002
  5.650328E-0003  2.318059E-0002  2.355134E-0002  1.191653E-0002  3.814479E-0002  5.432091E-0002  2.767900E-0003  1.356467E-0002  2.439506E-0002  0.000000E+0000  1.028549E-0002
  1.952879E-0002  8.978925E-0003  1.068645E-0002  3.963838E-0003  2.145605E-0002  2.547997E-0002  4.720743E-0003  1.439305E-0002  1.958340E-0002  1.028549E-0002  0.000000E+0000

  0.000000E+0000  7.220370E-0004  2.862136E-0004  8.622766E-0003  1.844319E-0003  7.122168E-0003  4.538632E-0003  2.799596E-0003  1.278494E-0003  7.599543E-0003  4.371078E-0003
  7.220370E-0004  0.000000E+0000  1.820412E-0004  2.326596E-0003  1.197757E-0003  6.334709E-0003  1.454714E-0003  2.413416E-0003  6.475477E-0004  4.907876E-0003  2.596926E-0003
  2.862136E-0004  1.820412E-0004  0.000000E+0000  1.410341E-0003  1.753892E-0004  7.949579E-0004  1.409564E-0003  1.171437E-0003  2.978785E-0004  1.073487E-0003  1.484696E-0003
  8.622766E-0003  2.326596E-0003  1.410341E-0003  0.000000E+0000  8.338842E-0003  1.631870E-0002  1.341736E-0002  1.779567E-0002  9.786476E-0003  1.468752E-0002  5.792518E-0003
  1.844319E-0003  1.197757E-0003  1.753892E-0004  8.338842E-0003  0.000000E+0000  4.381122E-0003  6.498277E-0003  2.364099E-0003  1.049025E-0003  5.200183E-0003  6.738916E-0003
  7.122168E-0003  6.334709E-0003  7.949579E-0004  1.631870E-0002  4.381122E-0003  0.000000E+0000  1.359078E-0002  5.305786E-0003  9.563486E-0003  2.124585E-0002  1.483329E-0002
  4.538632E-0003  1.454714E-0003  1.409564E-0003  1.341736E-0002  6.498277E-0003  1.359078E-0002  0.000000E+0000  1.264839E-0002  1.068366E-0003  1.298936E-0002  7.960998E-0003
  2.799596E-0003  2.413416E-0003  1.171437E-0003  1.779567E-0002  2.364099E-0003  5.305786E-0003  1.264839E-0002  0.000000E+0000  2.065727E-0003  1.626530E-0002  1.595523E-0002
  1.278494E-0003  6.475477E-0004  2.978785E-0004  9.786476E-0003  1.049025E-0003  9.563486E-0003  1.068366E-0003  2.065727E-0003  0.000000E+0000  9.052783E-0003  1.910749E-0003
  7.599543E-0003  4.907876E-0003  1.073487E-0003  1.468752E-0002  5.200183E-0003  2.124585E-0002  1.298936E-0002  1.626530E-0002  9.052783E-0003  0.000000E+0000  1.044385E-0002
  4.371078E-0003  2.596926E-0003  1.484696E-0003  5.792518E-0003  6.738916E-0003  1.483329E-0002  7.960998E-0003  1.595523E-0002  1.910749E-0003  1.044385E-0002  0.000000E+0000

  0.000000E+0000  4.924036E-0003  1.434922E-0003  2.108664E-0002  5.583877E-0003  2.391997E-0002  1.202590E-0002  1.394202E-0002  1.691006E-0002  2.839476E-0002  1.765060E-0002
  4.924036E-0003  0.000000E+0000  1.751401E-0004  1.257952E-0002  1.478860E-0003  1.462401E-0002  5.298508E-0003  7.298928E-0003  2.762329E-0003  1.601585E-0002  1.003784E-0002
  1.434922E-0003  1.751401E-0004  0.000000E+0000  1.799796E-0003  7.419350E-0004  2.516872E-0003  1.311017E-0003  1.777178E-0003  5.764519E-0004  2.558325E-0003  1.688741E-0003
  2.108664E-0002  1.257952E-0002  1.799796E-0003  0.000000E+0000  9.164103E-0003  1.615632E-0002  6.997830E-0003  2.438953E-0002  2.288500E-0002  7.447820E-0003  1.458544E-0002
  5.583877E-0003  1.478860E-0003  7.419350E-0004  9.164103E-0003  0.000000E+0000  1.060903E-0002  4.309546E-0003  6.408013E-0003  4.320151E-0003  1.195170E-0002  9.171476E-0003
  2.391997E-0002  1.462401E-0002  2.516872E-0003  1.615632E-0002  1.060903E-0002  0.000000E+0000  9.503235E-0003  2.775298E-0002  2.858145E-0002  2.443111E-0002  2.213774E-0002
  1.202590E-0002  5.298508E-0003  1.311017E-0003  6.997830E-0003  4.309546E-0003  9.503235E-0003  0.000000E+0000  1.406604E-0002  1.199729E-0002  9.060131E-0003  9.855503E-0003
  1.394202E-0002  7.298928E-0003  1.777178E-0003  2.438953E-0002  6.408013E-0003  2.775298E-0002  1.406604E-0002  0.000000E+0000  1.990297E-0002  3.222545E-0002  2.182411E-0002
  1.691006E-0002  2.762329E-0003  5.764519E-0004  2.288500E-0002  4.320151E-0003  2.858145E-0002  1.199729E-0002  1.990297E-0002  0.000000E+0000  3.382744E-0002  1.912580E-0002
  2.839476E-0002  1.601585E-0002  2.558325E-0003  7.447820E-0003  1.195170E-0002  2.443111E-0002  9.060131E-0003  3.222545E-0002  3.382744E-0002  0.000000E+0000  2.595732E-0002
  1.765060E-0002  1.003784E-0002  1.688741E-0003  1.458544E-0002  9.171476E-0003  2.213774E-0002  9.855503E-0003  2.182411E-0002  1.912580E-0002  2.595732E-0002  0.000000E+0000

  0.000000E+0000  9.918705E-0004  4.355891E-0004  3.353530E-0003  6.741625E-0004  8.161562E-0003  4.637757E-0003  3.510565E-0003  4.384423E-0003  7.036459E-0003  8.290226E-0003
  9.918705E-0004  0.000000E+0000  3.947410E-0004  4.076524E-0003  5.296117E-0004  9.518013E-0003  5.574860E-0003  2.497709E-0003  3.561988E-0003  8.307264E-0003  1.084803E-0002
  4.355891E-0004  3.947410E-0004  0.000000E+0000  3.709001E-0004  1.851813E-0004  1.227492E-0003  8.340710E-0004  1.162504E-0003  1.624431E-0004  8.330297E-0004  1.102789E-0003
  3.353530E-0003  4.076524E-0003  3.709001E-0004  0.000000E+0000  1.665765E-0003  5.719060E-0003  2.032804E-0003  7.662716E-0003  3.806724E-0003  7.439854E-0003  3.839541E-0003
  6.741625E-0004  5.296117E-0004  1.851813E-0004  1.665765E-0003  0.000000E+0000  6.037374E-0003  2.849656E-0003  1.891889E-0003  1.883188E-0003  4.923933E-0003  6.584565E-0003
  8.161562E-0003  9.518013E-0003  1.227492E-0003  5.719060E-0003  6.037374E-0003  0.000000E+0000  6.629455E-0003  1.633257E-0002  1.225626E-0002  1.548623E-0002  1.865600E-0002
  4.637757E-0003  5.574860E-0003  8.340710E-0004  2.032804E-0003  2.849656E-0003  6.629455E-0003  0.000000E+0000  9.214575E-0003  7.253099E-0003  1.630569E-0003  8.119920E-0003
  3.510565E-0003  2.497709E-0003  1.162504E-0003  7.662716E-0003  1.891889E-0003  1.633257E-0002  9.214575E-0003  0.000000E+0000  1.184118E-0002  1.481656E-0002  1.931909E-0002
  4.384423E-0003  3.561988E-0003  1.624431E-0004  3.806724E-0003  1.883188E-0003  1.225626E-0002  7.253099E-0003  1.184118E-0002  0.000000E+0000  9.760432E-0003  1.141603E-0002
  7.036459E-0003  8.307264E-0003  8.330297E-0004  7.439854E-0003  4.923933E-0003  1.548623E-0002  1.630569E-0003  1.481656E-0002  9.760432E-0003  0.000000E+0000  1.457739E-0002
  8.290226E-0003  1.084803E-0002  1.102789E-0003  3.839541E-0003  6.584565E-0003  1.865600E-0002  8.119920E-0003  1.931909E-0002  1.141603E-0002  1.457739E-0002  0.000000E+0000

  0.000000E+0000  1.287230E-0003  1.857069E-0004  1.764436E-0003  1.028758E-0003  9.215567E-0003  1.379900E-0003  2.924337E-0003  2.895347E-0003  4.013805E-0003  1.504737E-0003
  1.287230E-0003  0.000000E+0000  4.497342E-0004  1.748260E-0003  2.260294E-0003  2.342518E-0002  3.492070E-0003  5.252232E-0003  5.951399E-0003  4.327396E-0003  1.459465E-0003
  1.857069E-0004  4.497342E-0004  0.000000E+0000  5.651549E-0004  6.431289E-0004  1.854250E-0003  7.997078E-0004  6.508919E-0004  7.849844E-0004  1.527197E-0003  1.844309E-0003
  1.764436E-0003  1.748260E-0003  5.651549E-0004  0.000000E+0000  1.832526E-0003  7.023332E-0003  1.200742E-0003  2.221240E-0003  2.151648E-0003  7.685017E-0003  4.930450E-0003
  1.028758E-0003  2.260294E-0003  6.431289E-0004  1.832526E-0003  0.000000E+0000  1.482488E-0002  4.288701E-0003  7.612169E-0003  7.033545E-0003  6.735185E-0003  4.433343E-0003
  9.215567E-0003  2.342518E-0002  1.854250E-0003  7.023332E-0003  1.482488E-0002  0.000000E+0000  2.955485E-0003  2.839061E-0002  9.943201E-0003  2.100477E-0002  1.860757E-0002
  1.379900E-0003  3.492070E-0003  7.997078E-0004  1.200742E-0003  4.288701E-0003  2.955485E-0003  0.000000E+0000  5.099937E-0003  1.282283E-0003  2.327039E-0003  2.841787E-0003
  2.924337E-0003  5.252232E-0003  6.508919E-0004  2.221240E-0003  7.612169E-0003  2.839061E-0002  5.099937E-0003  0.000000E+0000  1.009661E-0002  6.623847E-0003  3.733061E-0003
  2.895347E-0003  5.951399E-0003  7.849844E-0004  2.151648E-0003  7.033545E-0003  9.943201E-0003  1.282283E-0003  1.009661E-0002  0.000000E+0000  4.137890E-0003  6.168425E-0003
  4.013805E-0003  4.327396E-0003  1.527197E-0003  7.685017E-0003  6.735185E-0003  2.100477E-0002  2.327039E-0003  6.623847E-0003  4.137890E-0003  0.000000E+0000  4.209800E-0003
  1.504737E-0003  1.459465E-0003  1.844309E-0003  4.930450E-0003  4.433343E-0003  1.860757E-0002  2.841787E-0003  3.733061E-0003  6.168425E-0003  4.209800E-0003  0.000000E+0000

  0.000000E+0000  8.793473E-0004  1.777217E-0004  1.052032E-0003  8.359350E-0004  6.127794E-0003  1.384983E-0003  2.397026E-0003  3.133982E-0003  1.918290E-0003  5.000767E-0004
  8.793473E-0004  0.000000E+0000  3.825441E-0004  1.381178E-0003  1.928436E-0003  1.069137E-0002  2.236094E-0003  2.637882E-0003  3.150790E-0003  2.584359E-0003  1.093669E-0003
  1.777217E-0004  3.825441E-0004  0.000000E+0000  1.684389E-0004  5.712457E-0004  3.552306E-0004  2.689008E-0004  5.929737E-0004  9.581176E-0004  3.835314E-0004  2.795054E-0004
  1.052032E-0003  1.381178E-0003  1.684389E-0004  0.000000E+0000  5.383953E-0004  1.951058E-0003  1.358563E-0003  2.762042E-0003  7.351860E-0004  3.198048E-0003  3.949827E-0003
  8.359350E-0004  1.928436E-0003  5.712457E-0004  5.383953E-0004  0.000000E+0000  5.118207E-0003  2.906261E-0003  5.925270E-0003  6.336151E-0003  3.153589E-0003  3.060622E-0003
  6.127794E-0003  1.069137E-0002  3.552306E-0004  1.951058E-0003  5.118207E-0003  0.000000E+0000  1.057620E-0003  1.477443E-0002  6.582175E-0003  3.610706E-0003  6.998085E-0003
  1.384983E-0003  2.236094E-0003  2.689008E-0004  1.358563E-0003  2.906261E-0003  1.057620E-0003  0.000000E+0000  4.581881E-0003  1.171707E-0003  1.021645E-0003  1.529986E-0003
  2.397026E-0003  2.637882E-0003  5.929737E-0004  2.762042E-0003  5.925270E-0003  1.477443E-0002  4.581881E-0003  0.000000E+0000  8.197178E-0003  5.494266E-0003  4.066964E-0003
  3.133982E-0003  3.150790E-0003  9.581176E-0004  7.351860E-0004  6.336151E-0003  6.582175E-0003  1.171707E-0003  8.197178E-0003  0.000000E+0000  2.034612E-0003  2.140971E-0003
  1.918290E-0003  2.584359E-0003  3.835314E-0004  3.198048E-0003  3.153589E-0003  3.610706E-0003  1.021645E-0003  5.494266E-0003  2.034612E-0003  0.000000E+0000  4.945881E-0003
  5.000767E-0004  1.093669E-0003  2.795054E-0004  3.949827E-0003  3.060622E-0003  6.998085E-0003  1.529986E-0003  4.066964E-0003  2.140971E-0003  4.945881E-0003  0.000000E+0000

  0.000000E+0000  3.329575E-0004  1.390638E-0004  1.107741E-0004  2.244155E-0004  1.760119E-0003  2.879517E-0003  4.543652E-0004  2.809034E-0003  1.860342E-0003  6.007721E-0003
  3.329575E-0004  0.000000E+0000  9.075216E-0005  8.292254E-0005  3.426429E-0004  3.728346E-0004  5.768450E-0004  3.683561E-0004  6.823575E-0005  3.908342E-0004  1.057096E-0003
  1.390638E-0004  9.075216E-0005  0.000000E+0000  3.484824E-0004  5.626650E-0005  2.226447E-0004  9.931455E-0004  3.435062E-0004  2.551785E-0004  1.011985E-0003  1.308118E-0003
  1.107741E-0004  8.292254E-0005  3.484824E-0004  0.000000E+0000  4.397155E-0004  4.202143E-0003  6.290338E-0003  3.477741E-0004  1.325290E-0003  4.789461E-0003  1.194532E-0002
  2.244155E-0004  3.426429E-0004  5.626650E-0005  4.397155E-0004  0.000000E+0000  5.897962E-0004  1.189408E-0003  5.441498E-0004  3.971865E-0004  1.074456E-0003  2.531887E-0003
  1.760119E-0003  3.728346E-0004  2.226447E-0004  4.202143E-0003  5.897962E-0004  0.000000E+0000  2.158400E-0003  1.582722E-0003  2.112271E-0003  4.780018E-0003  2.464577E-0003
  2.879517E-0003  5.768450E-0004  9.931455E-0004  6.290338E-0003  1.189408E-0003  2.158400E-0003  0.000000E+0000  2.129878E-0003  5.154309E-0003  1.186894E-0003  3.251220E-0003
  4.543652E-0004  3.683561E-0004  3.435062E-0004  3.477741E-0004  5.441498E-0004  1.582722E-0003  2.129878E-0003  0.000000E+0000  2.004654E-0003  9.773768E-0004  4.060123E-0003
  2.809034E-0003  6.823575E-0005  2.551785E-0004  1.325290E-0003  3.971865E-0004  2.112271E-0003  5.154309E-0003  2.004654E-0003  0.000000E+0000  2.335713E-0003  7.249888E-0003
  1.860342E-0003  3.908342E-0004  1.011985E-0003  4.789461E-0003  1.074456E-0003  4.780018E-0003  1.186894E-0003  9.773768E-0004  2.335713E-0003  0.000000E+0000  5.391065E-0003
  6.007721E-0003  1.057096E-0003  1.308118E-0003  1.194532E-0002  2.531887E-0003  2.464577E-0003  3.251220E-0003  4.060123E-0003  7.249888E-0003  5.391065E-0003  0.000000E+0000
