6661999 = Ignore first line (new format code)
File name: E:\Folders\PhD\ISAD\ISAD_Curry_data\ISAD_EEGs\eLORETA\EEGs_128Hz_200sec-window\Clinical_v_Healthy\T1_clinical_all\F25-ROIlinLagConn-crss.txt
1 = Number of time frames in Time X Frequency decomposition
3 = Number of EEG files
11 = Number Electrodes
25600 = Number of time frames in EEG files
32768 = Number of time frames in EEG files power of 2
7 = Number of matrices
5 = Band type (1=Classical1; 2=Classical2; 3=DiscreteFreqs; 4=AllDiscreteFreqs; 5=UserDefinedBands)
 1.280000E+0002 = Sampling rate Hz
-1.000000E+0002 = Freq1 Hz
-1.000000E+0002 = Freq2 Hz
 3.906250E-0003 = Frequency resolution Hz

  0.000000E+0000  2.081316E-0002  2.762366E-0002  4.613324E-0002  3.691594E-0002  7.795506E-0002  5.765416E-0002  8.971418E-0002  5.146649E-0002  6.056198E-0002  4.796894E-0002
  2.081316E-0002  0.000000E+0000  1.496856E-0002  2.326507E-0002  2.162613E-0002  5.673672E-0002  1.820805E-0002  1.336620E-0001  6.283191E-0002  3.836291E-0002  2.181592E-0002
  2.762366E-0002  1.496856E-0002  0.000000E+0000  4.913072E-0002  2.453864E-0002  4.774320E-0002  2.057973E-0002  5.461385E-0002  4.168579E-0002  4.981969E-0002  6.301551E-0002
  4.613324E-0002  2.326507E-0002  4.913072E-0002  0.000000E+0000  1.139731E-0001  7.909864E-0002  2.650794E-0002  1.108324E-0001  1.335044E-0001  7.133245E-0002  3.600058E-0002
  3.691594E-0002  2.162613E-0002  2.453864E-0002  1.139731E-0001  0.000000E+0000  1.279587E-0001  5.759150E-0002  6.387964E-0002  4.058905E-0002  1.150156E-0001  1.369205E-0001
  7.795506E-0002  5.673672E-0002  4.774320E-0002  7.909864E-0002  1.279587E-0001  0.000000E+0000  3.262139E-0002  1.915540E-0001  1.897485E-0001  1.007581E-0001  9.773143E-0002
  5.765416E-0002  1.820805E-0002  2.057973E-0002  2.650794E-0002  5.759150E-0002  3.262139E-0002  0.000000E+0000  1.675352E-0001  1.149500E-0001  3.775540E-0002  3.871928E-0002
  8.971418E-0002  1.336620E-0001  5.461385E-0002  1.108324E-0001  6.387964E-0002  1.915540E-0001  1.675352E-0001  0.000000E+0000  7.000804E-0002  1.391877E-0001  1.486520E-0001
  5.146649E-0002  6.283191E-0002  4.168579E-0002  1.335044E-0001  4.058905E-0002  1.897485E-0001  1.149500E-0001  7.000804E-0002  0.000000E+0000  1.543714E-0001  1.794778E-0001
  6.056198E-0002  3.836291E-0002  4.981969E-0002  7.133245E-0002  1.150156E-0001  1.007581E-0001  3.775540E-0002  1.391877E-0001  1.543714E-0001  0.000000E+0000  7.716069E-0002
  4.796894E-0002  2.181592E-0002  6.301551E-0002  3.600058E-0002  1.369205E-0001  9.773143E-0002  3.871928E-0002  1.486520E-0001  1.794778E-0001  7.716069E-0002  0.000000E+0000

  0.000000E+0000  1.609538E-0003  5.622819E-0004  2.030627E-0004  1.767089E-0003  7.744273E-0004  2.152473E-0003  1.176056E-0003  1.876316E-0003  2.978352E-0004  3.271590E-0003
  1.609538E-0003  0.000000E+0000  3.772091E-0004  3.466269E-0004  1.774460E-0003  1.541031E-0003  9.232636E-0004  7.021306E-0004  7.264137E-0004  8.241594E-0004  1.207461E-0003
  5.622819E-0004  3.772091E-0004  0.000000E+0000  9.142353E-0004  2.648058E-0004  5.753235E-0004  1.204992E-0003  4.916455E-0004  1.682865E-0003  1.370503E-0003  1.892589E-0003
  2.030627E-0004  3.466269E-0004  9.142353E-0004  0.000000E+0000  4.297212E-0003  6.728015E-0003  3.321092E-0003  1.055653E-0003  2.336424E-0003  7.120768E-0003  3.740710E-0003
  1.767089E-0003  1.774460E-0003  2.648058E-0004  4.297212E-0003  0.000000E+0000  5.596000E-0003  1.878173E-0003  8.804738E-0004  1.272853E-0003  6.132758E-0003  4.792369E-0003
  7.744273E-0004  1.541031E-0003  5.753235E-0004  6.728015E-0003  5.596000E-0003  0.000000E+0000  3.145359E-0003  9.775037E-0004  4.206437E-0003  5.229882E-0003  9.753932E-0003
  2.152473E-0003  9.232636E-0004  1.204992E-0003  3.321092E-0003  1.878173E-0003  3.145359E-0003  0.000000E+0000  9.674668E-0005  6.355057E-0004  6.386027E-0003  4.830874E-0003
  1.176056E-0003  7.021306E-0004  4.916455E-0004  1.055653E-0003  8.804738E-0004  9.775037E-0004  9.674668E-0005  0.000000E+0000  8.473722E-0004  1.359515E-0003  1.106475E-0003
  1.876316E-0003  7.264137E-0004  1.682865E-0003  2.336424E-0003  1.272853E-0003  4.206437E-0003  6.355057E-0004  8.473722E-0004  0.000000E+0000  5.716634E-0003  3.755835E-0003
  2.978352E-0004  8.241594E-0004  1.370503E-0003  7.120768E-0003  6.132758E-0003  5.229882E-0003  6.386027E-0003  1.359515E-0003  5.716634E-0003  0.000000E+0000  3.684230E-0003
  3.271590E-0003  1.207461E-0003  1.892589E-0003  3.740710E-0003  4.792369E-0003  9.753932E-0003  4.830874E-0003  1.106475E-0003  3.755835E-0003  3.684230E-0003  0.000000E+0000

  0.000000E+0000  1.528746E-0003  9.149712E-0004  1.684833E-0003  1.799362E-0003  1.775744E-0003  4.174166E-0003  2.642067E-0003  1.901823E-0003  1.437321E-0003  6.334281E-0003
  1.528746E-0003  0.000000E+0000  1.635086E-0003  1.062584E-0003  3.723537E-0004  2.364239E-0003  2.822707E-0004  1.282209E-0003  1.780637E-0003  1.888105E-0003  3.663623E-0003
  9.149712E-0004  1.635086E-0003  0.000000E+0000  2.034919E-0003  2.010083E-0003  2.410855E-0003  3.459901E-0003  2.412691E-0003  2.378510E-0003  1.286259E-0003  6.869455E-0003
  1.684833E-0003  1.062584E-0003  2.034919E-0003  0.000000E+0000  2.243996E-0003  3.951852E-0004  1.247983E-0003  9.373148E-0004  7.186322E-0004  3.154091E-0004  1.983680E-0003
  1.799362E-0003  3.723537E-0004  2.010083E-0003  2.243996E-0003  0.000000E+0000  2.978937E-0003  3.958922E-0003  3.597248E-0003  2.691413E-0003  1.748718E-0003  1.012088E-0002
  1.775744E-0003  2.364239E-0003  2.410855E-0003  3.951852E-0004  2.978937E-0003  0.000000E+0000  5.300717E-0003  1.735007E-0003  1.492989E-0003  8.338824E-0004  7.000287E-0003
  4.174166E-0003  2.822707E-0004  3.459901E-0003  1.247983E-0003  3.958922E-0003  5.300717E-0003  0.000000E+0000  1.416060E-0003  1.861660E-0003  2.306194E-0003  6.069223E-0003
  2.642067E-0003  1.282209E-0003  2.412691E-0003  9.373148E-0004  3.597248E-0003  1.735007E-0003  1.416060E-0003  0.000000E+0000  1.364724E-0003  7.795772E-0004  4.898235E-0003
  1.901823E-0003  1.780637E-0003  2.378510E-0003  7.186322E-0004  2.691413E-0003  1.492989E-0003  1.861660E-0003  1.364724E-0003  0.000000E+0000  4.760537E-0004  8.774766E-0003
  1.437321E-0003  1.888105E-0003  1.286259E-0003  3.154091E-0004  1.748718E-0003  8.338824E-0004  2.306194E-0003  7.795772E-0004  4.760537E-0004  0.000000E+0000  2.383443E-0003
  6.334281E-0003  3.663623E-0003  6.869455E-0003  1.983680E-0003  1.012088E-0002  7.000287E-0003  6.069223E-0003  4.898235E-0003  8.774766E-0003  2.383443E-0003  0.000000E+0000

  0.000000E+0000  1.183065E-0003  1.209892E-0004  3.661950E-0003  2.228643E-0003  1.776090E-0003  4.052102E-0004  5.110740E-0004  3.341342E-0004  3.007285E-0003  2.556075E-0003
  1.183065E-0003  0.000000E+0000  2.895632E-0004  1.566442E-0003  6.418945E-0004  1.255716E-0003  8.357365E-0004  1.335220E-0003  7.962915E-0004  1.602896E-0003  1.931897E-0003
  1.209892E-0004  2.895632E-0004  0.000000E+0000  3.400992E-0003  1.326802E-0003  1.531522E-0003  5.218426E-0004  3.186152E-0004  8.570632E-0004  2.527395E-0003  2.662728E-0003
  3.661950E-0003  1.566442E-0003  3.400992E-0003  0.000000E+0000  6.875127E-0004  4.804474E-0004  1.082218E-0003  1.018327E-0002  6.584911E-0003  1.426871E-0003  4.883061E-0003
  2.228643E-0003  6.418945E-0004  1.326802E-0003  6.875127E-0004  0.000000E+0000  5.331535E-0004  3.924811E-0004  5.038584E-0003  3.012705E-0003  4.721829E-0004  8.531174E-0004
  1.776090E-0003  1.255716E-0003  1.531522E-0003  4.804474E-0004  5.331535E-0004  0.000000E+0000  4.133091E-0004  4.847213E-0003  3.087221E-0003  1.389917E-0004  1.865830E-0003
  4.052102E-0004  8.357365E-0004  5.218426E-0004  1.082218E-0003  3.924811E-0004  4.133091E-0004  0.000000E+0000  1.158236E-0003  6.105325E-0004  1.109082E-0003  7.187761E-0004
  5.110740E-0004  1.335220E-0003  3.186152E-0004  1.018327E-0002  5.038584E-0003  4.847213E-0003  1.158236E-0003  0.000000E+0000  2.267620E-0003  7.808381E-0003  6.746114E-0003
  3.341342E-0004  7.962915E-0004  8.570632E-0004  6.584911E-0003  3.012705E-0003  3.087221E-0003  6.105325E-0004  2.267620E-0003  0.000000E+0000  5.022393E-0003  3.827584E-0003
  3.007285E-0003  1.602896E-0003  2.527395E-0003  1.426871E-0003  4.721829E-0004  1.389917E-0004  1.109082E-0003  7.808381E-0003  5.022393E-0003  0.000000E+0000  3.824260E-0003
  2.556075E-0003  1.931897E-0003  2.662728E-0003  4.883061E-0003  8.531174E-0004  1.865830E-0003  7.187761E-0004  6.746114E-0003  3.827584E-0003  3.824260E-0003  0.000000E+0000

  0.000000E+0000  1.263639E-0002  8.101552E-0003  1.243321E-0001  6.920478E-0002  1.330900E-0001  1.987414E-0002  2.249406E-0002  1.158781E-0002  1.328744E-0001  1.190445E-0001
  1.263639E-0002  0.000000E+0000  8.267604E-0003  4.834870E-0002  2.044963E-0002  3.391236E-0002  1.008607E-0002  5.278522E-0003  4.738208E-0003  6.308977E-0002  2.736585E-0002
  8.101552E-0003  8.267604E-0003  0.000000E+0000  4.121656E-0002  2.572728E-0002  5.259042E-0002  9.016530E-0003  1.408564E-0002  8.131075E-0003  5.211852E-0002  4.961919E-0002
  1.243321E-0001  4.834870E-0002  4.121656E-0002  0.000000E+0000  9.858709E-0002  1.491057E-0001  2.725776E-0002  6.128667E-0002  5.433794E-0002  1.544463E-0001  1.474833E-0001
  6.920478E-0002  2.044963E-0002  2.572728E-0002  9.858709E-0002  0.000000E+0000  9.536789E-0002  2.709931E-0002  2.670435E-0002  2.889660E-0002  1.065951E-0001  8.255551E-0002
  1.330900E-0001  3.391236E-0002  5.259042E-0002  1.491057E-0001  9.536789E-0002  0.000000E+0000  3.597401E-0002  4.596948E-0002  5.608272E-0002  2.284469E-0001  1.546416E-0001
  1.987414E-0002  1.008607E-0002  9.016530E-0003  2.725776E-0002  2.709931E-0002  3.597401E-0002  0.000000E+0000  2.726766E-0002  2.149008E-0002  4.861384E-0002  3.257690E-0002
  2.249406E-0002  5.278522E-0003  1.408564E-0002  6.128667E-0002  2.670435E-0002  4.596948E-0002  2.726766E-0002  0.000000E+0000  1.930412E-0002  7.485137E-0002  4.582585E-0002
  1.158781E-0002  4.738208E-0003  8.131075E-0003  5.433794E-0002  2.889660E-0002  5.608272E-0002  2.149008E-0002  1.930412E-0002  0.000000E+0000  5.827837E-0002  5.150660E-0002
  1.328744E-0001  6.308977E-0002  5.211852E-0002  1.544463E-0001  1.065951E-0001  2.284469E-0001  4.861384E-0002  7.485137E-0002  5.827837E-0002  0.000000E+0000  2.152144E-0001
  1.190445E-0001  2.736585E-0002  4.961919E-0002  1.474833E-0001  8.255551E-0002  1.546416E-0001  3.257690E-0002  4.582585E-0002  5.150660E-0002  2.152144E-0001  0.000000E+0000

  0.000000E+0000  3.273787E-0003  2.620251E-0003  2.622484E-0002  1.484469E-0002  2.131411E-0002  5.595093E-0003  3.509548E-0003  1.828741E-0003  2.647887E-0002  1.959139E-0002
  3.273787E-0003  0.000000E+0000  2.829020E-0003  9.807907E-0003  4.741502E-0003  4.283215E-0003  9.708815E-0004  4.298863E-0003  2.725732E-0003  1.352719E-0002  7.540594E-0003
  2.620251E-0003  2.829020E-0003  0.000000E+0000  1.281576E-0002  7.131505E-0003  1.361712E-0002  5.137553E-0003  3.407050E-0003  3.248949E-0003  1.370770E-0002  1.200865E-0002
  2.622484E-0002  9.807907E-0003  1.281576E-0002  0.000000E+0000  1.951818E-0002  3.764150E-0002  1.333270E-0002  1.698594E-0002  2.237697E-0002  3.683756E-0002  3.725633E-0002
  1.484469E-0002  4.741502E-0003  7.131505E-0003  1.951818E-0002  0.000000E+0000  1.307668E-0002  5.861010E-0003  8.900856E-0003  1.193468E-0002  1.878365E-0002  1.582031E-0002
  2.131411E-0002  4.283215E-0003  1.361712E-0002  3.764150E-0002  1.307668E-0002  0.000000E+0000  6.859103E-0003  2.023295E-0002  1.940271E-0002  4.024515E-0002  3.272385E-0002
  5.595093E-0003  9.708815E-0004  5.137553E-0003  1.333270E-0002  5.861010E-0003  6.859103E-0003  0.000000E+0000  1.185784E-0002  8.699963E-0003  1.582599E-0002  1.167331E-0002
  3.509548E-0003  4.298863E-0003  3.407050E-0003  1.698594E-0002  8.900856E-0003  2.023295E-0002  1.185784E-0002  0.000000E+0000  3.881519E-0003  1.949846E-0002  1.938917E-0002
  1.828741E-0003  2.725732E-0003  3.248949E-0003  2.237697E-0002  1.193468E-0002  1.940271E-0002  8.699963E-0003  3.881519E-0003  0.000000E+0000  2.230033E-0002  1.718844E-0002
  2.647887E-0002  1.352719E-0002  1.370770E-0002  3.683756E-0002  1.878365E-0002  4.024515E-0002  1.582599E-0002  1.949846E-0002  2.230033E-0002  0.000000E+0000  3.940212E-0002
  1.959139E-0002  7.540594E-0003  1.200865E-0002  3.725633E-0002  1.582031E-0002  3.272385E-0002  1.167331E-0002  1.938917E-0002  1.718844E-0002  3.940212E-0002  0.000000E+0000

  0.000000E+0000  5.046494E-0005  2.352401E-0005  5.014844E-0004  2.045865E-0004  1.428953E-0004  7.104390E-0005  8.082287E-0005  2.257433E-0004  3.554875E-0004  3.927217E-0004
  5.046494E-0005  0.000000E+0000  8.204058E-0005  2.807649E-0004  7.114255E-0005  5.757895E-0004  1.323476E-0004  2.215867E-0004  1.511696E-0004  5.357200E-0004  4.071201E-0004
  2.352401E-0005  8.204058E-0005  0.000000E+0000  4.119536E-0004  9.254331E-0005  1.650358E-0004  2.925192E-0005  2.922351E-0005  3.327915E-0005  2.758680E-0004  2.966132E-0004
  5.014844E-0004  2.807649E-0004  4.119536E-0004  0.000000E+0000  5.702514E-0004  9.966239E-0004  3.757494E-0004  9.509932E-0004  6.687231E-0004  6.738130E-0004  8.243714E-0004
  2.045865E-0004  7.114255E-0005  9.254331E-0005  5.702514E-0004  0.000000E+0000  8.402349E-0004  2.259180E-0004  6.731988E-0004  4.302778E-0004  7.609096E-0004  5.768205E-0004
  1.428953E-0004  5.757895E-0004  1.650358E-0004  9.966239E-0004  8.402349E-0004  0.000000E+0000  2.308289E-0004  2.312001E-0004  2.793217E-0004  9.130414E-0004  1.205778E-0003
  7.104390E-0005  1.323476E-0004  2.925192E-0005  3.757494E-0004  2.259180E-0004  2.308289E-0004  0.000000E+0000  1.587162E-0004  1.433631E-0004  3.119697E-0004  3.317238E-0004
  8.082287E-0005  2.215867E-0004  2.922351E-0005  9.509932E-0004  6.731988E-0004  2.312001E-0004  1.587162E-0004  0.000000E+0000  6.326957E-0004  8.002719E-0004  9.818353E-0004
  2.257433E-0004  1.511696E-0004  3.327915E-0005  6.687231E-0004  4.302778E-0004  2.793217E-0004  1.433631E-0004  6.326957E-0004  0.000000E+0000  4.310374E-0004  7.075369E-0004
  3.554875E-0004  5.357200E-0004  2.758680E-0004  6.738130E-0004  7.609096E-0004  9.130414E-0004  3.119697E-0004  8.002719E-0004  4.310374E-0004  0.000000E+0000  7.336919E-0004
  3.927217E-0004  4.071201E-0004  2.966132E-0004  8.243714E-0004  5.768205E-0004  1.205778E-0003  3.317238E-0004  9.818353E-0004  7.075369E-0004  7.336919E-0004  0.000000E+0000
