6661999 = Ignore first line (new format code)
File name: E:\Folders\PhD\ISAD\ISAD_Curry_data\ISAD_EEGs\eLORETA\EEGs_128Hz_200sec-window\Clinical_v_Healthy\T1_clinical_all\F27-ROIlinLagConn-crss.txt
1 = Number of time frames in Time X Frequency decomposition
3 = Number of EEG files
11 = Number Electrodes
25600 = Number of time frames in EEG files
32768 = Number of time frames in EEG files power of 2
7 = Number of matrices
5 = Band type (1=Classical1; 2=Classical2; 3=DiscreteFreqs; 4=AllDiscreteFreqs; 5=UserDefinedBands)
 1.280000E+0002 = Sampling rate Hz
-1.000000E+0002 = Freq1 Hz
-1.000000E+0002 = Freq2 Hz
 3.906250E-0003 = Frequency resolution Hz

  0.000000E+0000  4.196643E-0014  3.153033E-0014  7.127632E-0014  1.008083E-0013  7.893686E-0014  5.995204E-0014  7.116530E-0014  1.507683E-0013  1.533218E-0013  6.061818E-0014
  4.196643E-0014  0.000000E+0000  1.987299E-0014  5.295764E-0014  6.661338E-0014  7.360779E-0014  5.695444E-0014  5.784262E-0014  1.405542E-0013  9.947598E-0014  7.138734E-0014
  3.153033E-0014  1.987299E-0014  0.000000E+0000  5.273559E-0014  3.175238E-0014  5.795364E-0014  4.307665E-0014  4.996004E-0014  1.104672E-0013  1.015854E-0013  2.819966E-0014
  7.127632E-0014  5.295764E-0014  5.273559E-0014  0.000000E+0000  7.627232E-0014  6.439294E-0014  1.920686E-0014  7.738254E-0014  5.906386E-0014  6.750156E-0014  7.960299E-0014
  1.008083E-0013  6.661338E-0014  3.175238E-0014  7.627232E-0014  0.000000E+0000  7.627232E-0014  6.028511E-0014  1.832978E-0013  1.467715E-0013  1.683098E-0013  1.750822E-0013
  7.893686E-0014  7.360779E-0014  5.795364E-0014  6.439294E-0014  7.627232E-0014  0.000000E+0000  5.950795E-0014  8.137935E-0014  1.493250E-0013  1.326717E-0013  8.038015E-0014
  5.995204E-0014  5.695444E-0014  4.307665E-0014  1.920686E-0014  6.028511E-0014  5.950795E-0014  0.000000E+0000  6.228351E-0014  7.560619E-0014  5.961898E-0014  6.195044E-0014
  7.116530E-0014  5.784262E-0014  4.996004E-0014  7.738254E-0014  1.832978E-0013  8.137935E-0014  6.228351E-0014  0.000000E+0000  2.344791E-0013  1.733058E-0013  1.817435E-0013
  1.507683E-0013  1.405542E-0013  1.104672E-0013  5.906386E-0014  1.467715E-0013  1.493250E-0013  7.560619E-0014  2.344791E-0013  0.000000E+0000  1.503242E-0013  1.612044E-0013
  1.533218E-0013  9.947598E-0014  1.015854E-0013  6.750156E-0014  1.683098E-0013  1.326717E-0013  5.961898E-0014  1.733058E-0013  1.503242E-0013  0.000000E+0000  1.791900E-0013
  6.061818E-0014  7.138734E-0014  2.819966E-0014  7.960299E-0014  1.750822E-0013  8.038015E-0014  6.195044E-0014  1.817435E-0013  1.612044E-0013  1.791900E-0013  0.000000E+0000

  0.000000E+0000  4.884981E-0013  3.356204E-0013  3.975043E-0012  1.269873E-0012  6.235457E-0012  1.626588E-0012  3.126721E-0012  3.037126E-0012  3.824385E-0012  1.003286E-0011
  4.884981E-0013  0.000000E+0000  9.370282E-0014  3.373191E-0012  1.583067E-0012  5.030087E-0012  1.779132E-0012  2.028933E-0012  2.827072E-0012  3.579137E-0012  9.473089E-0012
  3.356204E-0013  9.370282E-0014  0.000000E+0000  2.245204E-0012  1.174505E-0012  2.997047E-0012  1.537326E-0012  1.307288E-0012  2.264300E-0012  3.049894E-0012  7.731149E-0012
  3.975043E-0012  3.373191E-0012  2.245204E-0012  0.000000E+0000  4.410694E-0012  4.214518E-0012  2.830403E-0012  4.925504E-0012  4.470091E-0012  5.096368E-0012  5.076051E-0012
  1.269873E-0012  1.583067E-0012  1.174505E-0012  4.410694E-0012  0.000000E+0000  7.065015E-0012  1.730505E-0012  2.550959E-0012  2.908562E-0012  3.687939E-0012  9.748646E-0012
  6.235457E-0012  5.030087E-0012  2.997047E-0012  4.214518E-0012  7.065015E-0012  0.000000E+0000  4.278800E-0012  8.199552E-0012  7.253642E-0012  8.534728E-0012  9.648171E-0012
  1.626588E-0012  1.779132E-0012  1.537326E-0012  2.830403E-0012  1.730505E-0012  4.278800E-0012  0.000000E+0000  1.868727E-0012  1.463718E-0012  9.124923E-0013  4.081069E-0012
  3.126721E-0012  2.028933E-0012  1.307288E-0012  4.925504E-0012  2.550959E-0012  8.199552E-0012  1.868727E-0012  0.000000E+0000  3.533063E-0012  9.029999E-0012  1.301492E-0011
  3.037126E-0012  2.827072E-0012  2.264300E-0012  4.470091E-0012  2.908562E-0012  7.253642E-0012  1.463718E-0012  3.533063E-0012  0.000000E+0000  3.294365E-0012  9.823031E-0012
  3.824385E-0012  3.579137E-0012  3.049894E-0012  5.096368E-0012  3.687939E-0012  8.534728E-0012  9.124923E-0013  9.029999E-0012  3.294365E-0012  0.000000E+0000  9.028223E-0012
  1.003286E-0011  9.473089E-0012  7.731149E-0012  5.076051E-0012  9.748646E-0012  9.648171E-0012  4.081069E-0012  1.301492E-0011  9.823031E-0012  9.028223E-0012  0.000000E+0000

  0.000000E+0000  3.004152E-0012  4.775957E-0012  9.932610E-0012  1.556422E-0011  7.485201E-0011  2.785006E-0011  2.222500E-0011  1.968703E-0011  1.101167E-0010  3.669098E-0011
  3.004152E-0012  0.000000E+0000  7.690515E-0012  1.074174E-0011  1.460287E-0011  3.814971E-0011  2.532408E-0011  2.215428E-0011  1.810019E-0011  4.136080E-0011  3.560341E-0011
  4.775957E-0012  7.690515E-0012  0.000000E+0000  6.038614E-0012  1.588840E-0011  3.141976E-0011  2.132483E-0011  6.899703E-0012  1.476619E-0011  3.819833E-0011  1.475264E-0012
  9.932610E-0012  1.074174E-0011  6.038614E-0012  0.000000E+0000  1.305434E-0011  1.682898E-0011  7.836065E-0012  1.043887E-0011  9.709344E-0012  1.813383E-0011  9.939272E-0012
  1.556422E-0011  1.460287E-0011  1.588840E-0011  1.305434E-0011  0.000000E+0000  4.291278E-0011  2.653344E-0011  4.448253E-0011  2.047862E-0011  6.045398E-0011  5.781420E-0011
  7.485201E-0011  3.814971E-0011  3.141976E-0011  1.682898E-0011  4.291278E-0011  0.000000E+0000  3.135137E-0011  2.025574E-0010  1.080163E-0010  4.724665E-0011  1.737278E-0010
  2.785006E-0011  2.532408E-0011  2.132483E-0011  7.836065E-0012  2.653344E-0011  3.135137E-0011  0.000000E+0000  2.918477E-0011  2.841061E-0011  3.480716E-0011  2.895229E-0011
  2.222500E-0011  2.215428E-0011  6.899703E-0012  1.043887E-0011  4.448253E-0011  2.025574E-0010  2.918477E-0011  0.000000E+0000  2.421952E-0011  2.886058E-0010  5.781053E-0011
  1.968703E-0011  1.810019E-0011  1.476619E-0011  9.709344E-0012  2.047862E-0011  1.080163E-0010  2.841061E-0011  2.421952E-0011  0.000000E+0000  1.620359E-0010  3.738820E-0011
  1.101167E-0010  4.136080E-0011  3.819833E-0011  1.813383E-0011  6.045398E-0011  4.724665E-0011  3.480716E-0011  2.886058E-0010  1.620359E-0010  0.000000E+0000  2.462032E-0010
  3.669098E-0011  3.560341E-0011  1.475264E-0012  9.939272E-0012  5.781420E-0011  1.737278E-0010  2.895229E-0011  5.781053E-0011  3.738820E-0011  2.462032E-0010  0.000000E+0000

  0.000000E+0000  1.726286E-0012  1.262657E-0012  1.154273E-0010  3.815503E-0011  2.432198E-0010  1.320233E-0011  2.787803E-0011  4.796052E-0011  4.272507E-0010  1.063316E-0010
  1.726286E-0012  0.000000E+0000  1.186495E-0012  1.077232E-0010  2.936051E-0011  2.087907E-0010  1.235934E-0011  2.358025E-0011  4.454737E-0011  2.089937E-0010  9.935253E-0011
  1.262657E-0012  1.186495E-0012  0.000000E+0000  8.376899E-0011  1.390310E-0011  1.454606E-0010  9.861334E-0012  1.692269E-0011  3.545075E-0011  7.352885E-0011  7.808498E-0011
  1.154273E-0010  1.077232E-0010  8.376899E-0011  0.000000E+0000  1.174913E-0010  1.350992E-0010  4.847356E-0011  1.193757E-0010  1.196585E-0010  7.303291E-0011  1.174387E-0010
  3.815503E-0011  2.936051E-0011  1.390310E-0011  1.174913E-0010  0.000000E+0000  2.715628E-0010  1.309985E-0011  4.814693E-0011  5.166401E-0011  3.393567E-0010  1.070525E-0010
  2.432198E-0010  2.087907E-0010  1.454606E-0010  1.350992E-0010  2.715628E-0010  0.000000E+0000  9.839873E-0011  2.676491E-0010  2.433439E-0010  4.039680E-0010  2.486279E-0010
  1.320233E-0011  1.235934E-0011  9.861334E-0012  4.847356E-0011  1.309985E-0011  9.839873E-0011  0.000000E+0000  1.440170E-0011  2.344214E-0011  2.801404E-0011  4.684053E-0011
  2.787803E-0011  2.358025E-0011  1.692269E-0011  1.193757E-0010  4.814693E-0011  2.676491E-0010  1.440170E-0011  0.000000E+0000  4.934120E-0011  7.639330E-0010  1.097449E-0010
  4.796052E-0011  4.454737E-0011  3.545075E-0011  1.196585E-0010  5.166401E-0011  2.433439E-0010  2.344214E-0011  4.934120E-0011  0.000000E+0000  6.136461E-0010  1.097248E-0010
  4.272507E-0010  2.089937E-0010  7.352885E-0011  7.303291E-0011  3.393567E-0010  4.039680E-0010  2.801404E-0011  7.639330E-0010  6.136461E-0010  0.000000E+0000  5.469895E-0010
  1.063316E-0010  9.935253E-0011  7.808498E-0011  1.174387E-0010  1.070525E-0010  2.486279E-0010  4.684053E-0011  1.097449E-0010  1.097248E-0010  5.469895E-0010  0.000000E+0000

  0.000000E+0000  2.636447E-0012  2.636003E-0012  7.539902E-0011  1.098976E-0011  2.018243E-0010  1.945422E-0011  1.995737E-0012  1.162996E-0010  3.622053E-0010  4.331305E-0010
  2.636447E-0012  0.000000E+0000  4.546696E-0012  6.581635E-0011  1.206624E-0011  8.453038E-0011  1.834299E-0011  1.588174E-0012  1.081071E-0010  3.162949E-0010  3.926345E-0010
  2.636003E-0012  4.546696E-0012  0.000000E+0000  5.881906E-0011  1.012512E-0011  5.484901E-0011  1.578537E-0011  3.398060E-0012  8.525791E-0011  2.604256E-0010  3.215602E-0010
  7.539902E-0011  6.581635E-0011  5.881906E-0011  0.000000E+0000  7.870071E-0011  7.056211E-0011  2.152545E-0011  7.728662E-0011  7.374512E-0011  5.110634E-0011  1.071292E-0010
  1.098976E-0011  1.206624E-0011  1.012512E-0011  7.870071E-0011  0.000000E+0000  1.946951E-0010  2.390310E-0011  1.543765E-0011  1.103924E-0010  3.634113E-0010  4.247451E-0010
  2.018243E-0010  8.453038E-0011  5.484901E-0011  7.056211E-0011  1.946951E-0010  0.000000E+0000  6.221812E-0011  3.164004E-0010  2.043534E-0010  2.723785E-0010  6.682889E-0010
  1.945422E-0011  1.834299E-0011  1.578537E-0011  2.152545E-0011  2.390310E-0011  6.221812E-0011  0.000000E+0000  2.007794E-0011  5.862932E-0011  1.103717E-0010  1.771484E-0010
  1.995737E-0012  1.588174E-0012  3.398060E-0012  7.728662E-0011  1.543765E-0011  3.164004E-0010  2.007794E-0011  0.000000E+0000  1.197060E-0010  3.745102E-0010  4.456484E-0010
  1.162996E-0010  1.081071E-0010  8.525791E-0011  7.374512E-0011  1.103924E-0010  2.043534E-0010  5.862932E-0011  1.197060E-0010  0.000000E+0000  3.599512E-0010  4.349155E-0010
  3.622053E-0010  3.162949E-0010  2.604256E-0010  5.110634E-0011  3.634113E-0010  2.723785E-0010  1.103717E-0010  3.745102E-0010  3.599512E-0010  0.000000E+0000  7.009763E-0010
  4.331305E-0010  3.926345E-0010  3.215602E-0010  1.071292E-0010  4.247451E-0010  6.682889E-0010  1.771484E-0010  4.456484E-0010  4.349155E-0010  7.009763E-0010  0.000000E+0000

  0.000000E+0000  1.294731E-0011  1.207257E-0012  2.558509E-0011  9.548451E-0011  2.219455E-0010  3.402334E-0011  1.154489E-0010  3.805911E-0011  1.760003E-0010  4.346975E-0010
  1.294731E-0011  0.000000E+0000  7.337464E-0012  2.368961E-0011  5.083201E-0011  1.251852E-0010  3.225831E-0011  1.084572E-0010  3.541900E-0011  9.618295E-0011  2.551904E-0010
  1.207257E-0012  7.337464E-0012  0.000000E+0000  1.890132E-0011  3.004319E-0011  3.895928E-0011  2.448952E-0011  7.124379E-0011  2.791989E-0011  1.831901E-0011  1.170380E-0010
  2.558509E-0011  2.368961E-0011  1.890132E-0011  0.000000E+0000  2.410183E-0011  2.572531E-0011  1.403244E-0011  2.799327E-0011  2.594203E-0011  2.588108E-0011  4.180134E-0011
  9.548451E-0011  5.083201E-0011  3.004319E-0011  2.410183E-0011  0.000000E+0000  4.346191E-0010  4.704392E-0011  1.562201E-0010  8.446077E-0011  3.882469E-0010  6.470849E-0010
  2.219455E-0010  1.251852E-0010  3.895928E-0011  2.572531E-0011  4.346191E-0010  0.000000E+0000  9.170265E-0011  5.830622E-0010  3.452572E-0010  4.068923E-0011  3.449966E-0010
  3.402334E-0011  3.225831E-0011  2.448952E-0011  1.403244E-0011  4.704392E-0011  9.170265E-0011  0.000000E+0000  8.935575E-0011  3.031653E-0011  8.144696E-0011  1.326592E-0010
  1.154489E-0010  1.084572E-0010  7.124379E-0011  2.799327E-0011  1.562201E-0010  5.830622E-0010  8.935575E-0011  0.000000E+0000  1.243532E-0010  5.382038E-0010  8.669583E-0010
  3.805911E-0011  3.541900E-0011  2.791989E-0011  2.594203E-0011  8.446077E-0011  3.452572E-0010  3.031653E-0011  1.243532E-0010  0.000000E+0000  2.940750E-0010  6.012939E-0010
  1.760003E-0010  9.618295E-0011  1.831901E-0011  2.588108E-0011  3.882469E-0010  4.068923E-0011  8.144696E-0011  5.382038E-0010  2.940750E-0010  0.000000E+0000  2.939561E-0010
  4.346975E-0010  2.551904E-0010  1.170380E-0010  4.180134E-0011  6.470849E-0010  3.449966E-0010  1.326592E-0010  8.669583E-0010  6.012939E-0010  2.939561E-0010  0.000000E+0000

  0.000000E+0000  7.383716E-0011  2.268208E-0011  8.744707E-0010  2.749297E-0010  1.149198E-0009  1.926435E-0010  7.197843E-0010  5.604992E-0010  1.788508E-0010  2.311710E-0010
  7.383716E-0011  0.000000E+0000  1.122058E-0011  8.758966E-0010  3.947036E-0010  8.525088E-0010  1.848207E-0010  5.473052E-0010  5.157298E-0010  2.964132E-0010  3.421616E-0010
  2.268208E-0011  1.122058E-0011  0.000000E+0000  6.730886E-0010  1.677455E-0010  6.060159E-0010  1.466903E-0010  4.068493E-0010  4.101468E-0010  1.574798E-0010  1.030629E-0010
  8.744707E-0010  8.758966E-0010  6.730886E-0010  0.000000E+0000  8.336216E-0010  8.547560E-0010  3.750904E-0010  9.491531E-0010  9.284596E-0010  7.937890E-0010  8.170046E-0010
  2.749297E-0010  3.947036E-0010  1.677455E-0010  8.336216E-0010  0.000000E+0000  1.354524E-0009  1.839866E-0010  8.617441E-0010  5.346338E-0010  2.805374E-0010  1.469619E-0010
  1.149198E-0009  8.525088E-0010  6.060159E-0010  8.547560E-0010  1.354524E-0009  0.000000E+0000  4.617036E-0010  1.142767E-0009  1.091679E-0009  1.346158E-0009  1.387041E-0009
  1.926435E-0010  1.848207E-0010  1.466903E-0010  3.750904E-0010  1.839866E-0010  4.617036E-0010  0.000000E+0000  3.229773E-0010  2.775762E-0010  1.855933E-0010  1.881422E-0010
  7.197843E-0010  5.473052E-0010  4.068493E-0010  9.491531E-0010  8.617441E-0010  1.142767E-0009  3.229773E-0010  0.000000E+0000  6.819522E-0010  8.397542E-0010  1.251556E-0009
  5.604992E-0010  5.157298E-0010  4.101468E-0010  9.284596E-0010  5.346338E-0010  1.091679E-0009  2.775762E-0010  6.819522E-0010  0.000000E+0000  5.645060E-0010  7.046486E-0010
  1.788508E-0010  2.964132E-0010  1.574798E-0010  7.937890E-0010  2.805374E-0010  1.346158E-0009  1.855933E-0010  8.397542E-0010  5.645060E-0010  0.000000E+0000  2.388412E-0010
  2.311710E-0010  3.421616E-0010  1.030629E-0010  8.170046E-0010  1.469619E-0010  1.387041E-0009  1.881422E-0010  1.251556E-0009  7.046486E-0010  2.388412E-0010  0.000000E+0000
