6661999 = Ignore first line (new format code)
File name: E:\Folders\PhD\ISAD\ISAD_Curry_data\ISAD_EEGs\eLORETA\EEGs_128Hz_200sec-window\Clinical_v_Healthy\T1_clinical_all\F30-ROIlinLagConn-crss.txt
1 = Number of time frames in Time X Frequency decomposition
3 = Number of EEG files
11 = Number Electrodes
25600 = Number of time frames in EEG files
32768 = Number of time frames in EEG files power of 2
7 = Number of matrices
5 = Band type (1=Classical1; 2=Classical2; 3=DiscreteFreqs; 4=AllDiscreteFreqs; 5=UserDefinedBands)
 1.280000E+0002 = Sampling rate Hz
-1.000000E+0002 = Freq1 Hz
-1.000000E+0002 = Freq2 Hz
 3.906250E-0003 = Frequency resolution Hz

  0.000000E+0000  1.287434E-0002  2.923561E-0002  2.126724E-0002  8.732928E-0002  8.533558E-0002  4.296048E-0002  6.397867E-0002  8.106340E-0002  9.674664E-0002  6.876254E-0002
  1.287434E-0002  0.000000E+0000  4.829659E-0003  5.601057E-0002  3.482142E-0002  1.351793E-0001  3.540622E-0002  1.091132E-0002  1.173348E-0002  2.834808E-0002  4.971275E-0002
  2.923561E-0002  4.829659E-0003  0.000000E+0000  1.379092E-0002  3.873298E-0002  3.331247E-0002  1.094025E-0002  5.496472E-0002  4.231579E-0002  1.264630E-0002  1.170062E-0002
  2.126724E-0002  5.601057E-0002  1.379092E-0002  0.000000E+0000  8.325925E-0002  1.480542E-0001  8.558325E-0002  4.256957E-0002  2.475124E-0002  1.527408E-0001  6.236444E-0002
  8.732928E-0002  3.482142E-0002  3.873298E-0002  8.325925E-0002  0.000000E+0000  1.907768E-0001  8.169219E-0002  5.462359E-0002  1.065558E-0001  1.163878E-0001  1.002346E-0001
  8.533558E-0002  1.351793E-0001  3.331247E-0002  1.480542E-0001  1.907768E-0001  0.000000E+0000  9.640069E-0002  5.368546E-0002  4.371680E-0002  2.283221E-0001  9.431837E-0002
  4.296048E-0002  3.540622E-0002  1.094025E-0002  8.558325E-0002  8.169219E-0002  9.640069E-0002  0.000000E+0000  2.321552E-0002  1.504588E-0002  1.110855E-0001  9.265978E-0002
  6.397867E-0002  1.091132E-0002  5.496472E-0002  4.256957E-0002  5.462359E-0002  5.368546E-0002  2.321552E-0002  0.000000E+0000  1.180459E-0001  3.751038E-0002  3.190799E-0002
  8.106340E-0002  1.173348E-0002  4.231579E-0002  2.475124E-0002  1.065558E-0001  4.371680E-0002  1.504588E-0002  1.180459E-0001  0.000000E+0000  3.449073E-0002  1.351969E-0002
  9.674664E-0002  2.834808E-0002  1.264630E-0002  1.527408E-0001  1.163878E-0001  2.283221E-0001  1.110855E-0001  3.751038E-0002  3.449073E-0002  0.000000E+0000  1.168249E-0001
  6.876254E-0002  4.971275E-0002  1.170062E-0002  6.236444E-0002  1.002346E-0001  9.431837E-0002  9.265978E-0002  3.190799E-0002  1.351969E-0002  1.168249E-0001  0.000000E+0000

  0.000000E+0000  3.622102E-0003  1.307152E-0003  4.820224E-0003  1.544909E-0003  1.244858E-0002  3.878806E-0003  1.398098E-0003  1.886692E-0003  9.351998E-0003  3.155804E-0003
  3.622102E-0003  0.000000E+0000  5.087932E-0003  1.491262E-0003  6.574108E-0003  1.078220E-0002  1.946102E-0003  7.118892E-0003  8.130311E-0003  9.378063E-0003  7.187392E-0003
  1.307152E-0003  5.087932E-0003  0.000000E+0000  1.866966E-0003  1.241433E-0003  4.825022E-0003  7.999329E-0004  2.328871E-0003  2.310473E-0003  3.447872E-0003  3.996074E-0004
  4.820224E-0003  1.491262E-0003  1.866966E-0003  0.000000E+0000  3.951699E-0003  5.907260E-0003  1.764242E-0003  5.234850E-0003  3.706527E-0003  5.362543E-0003  2.333999E-0003
  1.544909E-0003  6.574108E-0003  1.241433E-0003  3.951699E-0003  0.000000E+0000  1.040406E-0002  4.333656E-0003  2.292377E-0003  1.994340E-0003  1.620559E-0003  3.672127E-0003
  1.244858E-0002  1.078220E-0002  4.825022E-0003  5.907260E-0003  1.040406E-0002  0.000000E+0000  4.956468E-0003  1.354183E-0002  1.135498E-0002  9.214409E-0003  3.877147E-0003
  3.878806E-0003  1.946102E-0003  7.999329E-0004  1.764242E-0003  4.333656E-0003  4.956468E-0003  0.000000E+0000  4.777560E-0003  2.931652E-0003  2.159301E-0003  4.952752E-0003
  1.398098E-0003  7.118892E-0003  2.328871E-0003  5.234850E-0003  2.292377E-0003  1.354183E-0002  4.777560E-0003  0.000000E+0000  3.291403E-0003  1.428621E-0003  2.753500E-0003
  1.886692E-0003  8.130311E-0003  2.310473E-0003  3.706527E-0003  1.994340E-0003  1.135498E-0002  2.931652E-0003  3.291403E-0003  0.000000E+0000  5.153860E-0003  1.619061E-0003
  9.351998E-0003  9.378063E-0003  3.447872E-0003  5.362543E-0003  1.620559E-0003  9.214409E-0003  2.159301E-0003  1.428621E-0003  5.153860E-0003  0.000000E+0000  2.408833E-0003
  3.155804E-0003  7.187392E-0003  3.996074E-0004  2.333999E-0003  3.672127E-0003  3.877147E-0003  4.952752E-0003  2.753500E-0003  1.619061E-0003  2.408833E-0003  0.000000E+0000

  0.000000E+0000  1.737196E-0003  1.569559E-0003  3.306322E-0003  5.240379E-0003  2.761625E-0003  4.624274E-0003  5.453280E-0003  6.979048E-0003  4.724423E-0003  6.696291E-0003
  1.737196E-0003  0.000000E+0000  1.850735E-0003  6.220759E-0003  2.582192E-0003  4.954557E-0003  3.029420E-0003  9.071365E-0004  3.906279E-0003  9.562364E-0003  3.527324E-0003
  1.569559E-0003  1.850735E-0003  0.000000E+0000  6.942699E-0004  2.123573E-0003  4.354152E-0004  1.659957E-0003  2.874624E-0003  1.866645E-0003  1.187465E-0003  3.394437E-0003
  3.306322E-0003  6.220759E-0003  6.942699E-0004  0.000000E+0000  3.313553E-0003  2.938118E-0003  2.625543E-0003  4.137000E-0003  1.075558E-0003  4.377058E-0003  1.491053E-0003
  5.240379E-0003  2.582192E-0003  2.123573E-0003  3.313553E-0003  0.000000E+0000  1.076656E-0003  1.815216E-0003  7.032851E-0003  8.475352E-0003  3.349039E-0003  6.210669E-0003
  2.761625E-0003  4.954557E-0003  4.354152E-0004  2.938118E-0003  1.076656E-0003  0.000000E+0000  3.159249E-0003  1.781034E-0003  2.423889E-0003  4.976758E-0003  3.588245E-0003
  4.624274E-0003  3.029420E-0003  1.659957E-0003  2.625543E-0003  1.815216E-0003  3.159249E-0003  0.000000E+0000  2.869871E-0003  2.045995E-0003  3.689681E-0003  3.019459E-0003
  5.453280E-0003  9.071365E-0004  2.874624E-0003  4.137000E-0003  7.032851E-0003  1.781034E-0003  2.869871E-0003  0.000000E+0000  1.255482E-0002  3.081125E-0003  6.189478E-0003
  6.979048E-0003  3.906279E-0003  1.866645E-0003  1.075558E-0003  8.475352E-0003  2.423889E-0003  2.045995E-0003  1.255482E-0002  0.000000E+0000  3.360419E-0003  6.499740E-0003
  4.724423E-0003  9.562364E-0003  1.187465E-0003  4.377058E-0003  3.349039E-0003  4.976758E-0003  3.689681E-0003  3.081125E-0003  3.360419E-0003  0.000000E+0000  3.604037E-0003
  6.696291E-0003  3.527324E-0003  3.394437E-0003  1.491053E-0003  6.210669E-0003  3.588245E-0003  3.019459E-0003  6.189478E-0003  6.499740E-0003  3.604037E-0003  0.000000E+0000

  0.000000E+0000  1.010906E-0003  1.535343E-0003  2.079266E-0003  8.729402E-0004  1.499493E-0003  5.744220E-0004  1.022351E-0003  4.035380E-0003  1.028079E-0003  3.883844E-0004
  1.010906E-0003  0.000000E+0000  7.900478E-0004  2.594239E-0003  6.254137E-0004  9.127761E-0004  7.885451E-0004  5.738591E-0004  2.221845E-0003  9.324818E-0004  7.422387E-0004
  1.535343E-0003  7.900478E-0004  0.000000E+0000  4.332146E-0004  2.991935E-0004  6.583669E-0004  1.759958E-0003  6.828643E-0004  2.173814E-0003  3.557770E-0004  1.344860E-0003
  2.079266E-0003  2.594239E-0003  4.332146E-0004  0.000000E+0000  1.691910E-0003  1.623424E-0003  1.014329E-0003  3.079610E-0003  1.161697E-0003  1.676507E-0003  5.415141E-0004
  8.729402E-0004  6.254137E-0004  2.991935E-0004  1.691910E-0003  0.000000E+0000  2.545572E-0003  1.758140E-0003  2.166431E-0003  2.019507E-0003  2.325068E-0003  1.635235E-0003
  1.499493E-0003  9.127761E-0004  6.583669E-0004  1.623424E-0003  2.545572E-0003  0.000000E+0000  1.198060E-0003  1.885758E-0003  4.088932E-0003  2.469821E-0003  1.412815E-0003
  5.744220E-0004  7.885451E-0004  1.759958E-0003  1.014329E-0003  1.758140E-0003  1.198060E-0003  0.000000E+0000  2.345670E-0003  2.873116E-0003  1.025394E-0003  7.500203E-0004
  1.022351E-0003  5.738591E-0004  6.828643E-0004  3.079610E-0003  2.166431E-0003  1.885758E-0003  2.345670E-0003  0.000000E+0000  2.091093E-0003  2.138094E-0003  9.934418E-0004
  4.035380E-0003  2.221845E-0003  2.173814E-0003  1.161697E-0003  2.019507E-0003  4.088932E-0003  2.873116E-0003  2.091093E-0003  0.000000E+0000  1.704630E-0003  9.701960E-0004
  1.028079E-0003  9.324818E-0004  3.557770E-0004  1.676507E-0003  2.325068E-0003  2.469821E-0003  1.025394E-0003  2.138094E-0003  1.704630E-0003  0.000000E+0000  1.747391E-0003
  3.883844E-0004  7.422387E-0004  1.344860E-0003  5.415141E-0004  1.635235E-0003  1.412815E-0003  7.500203E-0004  9.934418E-0004  9.701960E-0004  1.747391E-0003  0.000000E+0000

  0.000000E+0000  4.753654E-0003  4.292888E-0003  1.672099E-0002  1.430305E-0002  8.657769E-0003  1.081958E-0002  1.155180E-0002  1.193531E-0002  9.603987E-0003  1.197411E-0002
  4.753654E-0003  0.000000E+0000  8.682728E-0004  3.354622E-0003  2.293015E-0003  4.251160E-0003  9.811526E-0003  2.717361E-0003  2.841220E-0003  7.219469E-0003  1.796533E-0002
  4.292888E-0003  8.682728E-0004  0.000000E+0000  3.061187E-0003  2.666862E-0003  2.070649E-0003  6.769490E-0003  1.132840E-0003  1.559676E-0003  4.114623E-0003  1.189354E-0002
  1.672099E-0002  3.354622E-0003  3.061187E-0003  0.000000E+0000  1.927052E-0002  1.398796E-0002  1.973081E-0002  1.255248E-0002  1.346474E-0002  1.562609E-0002  2.403455E-0002
  1.430305E-0002  2.293015E-0003  2.666862E-0003  1.927052E-0002  0.000000E+0000  1.094870E-0002  1.439818E-0002  3.742336E-0003  8.236635E-0003  1.618002E-0002  3.075257E-0002
  8.657769E-0003  4.251160E-0003  2.070649E-0003  1.398796E-0002  1.094870E-0002  0.000000E+0000  1.517140E-0002  8.397335E-0003  4.758218E-0003  1.949753E-0002  2.897643E-0002
  1.081958E-0002  9.811526E-0003  6.769490E-0003  1.973081E-0002  1.439818E-0002  1.517140E-0002  0.000000E+0000  1.599486E-0002  1.600538E-0002  1.381143E-0002  2.838942E-0002
  1.155180E-0002  2.717361E-0003  1.132840E-0003  1.255248E-0002  3.742336E-0003  8.397335E-0003  1.599486E-0002  0.000000E+0000  2.750814E-0003  1.041537E-0002  2.238996E-0002
  1.193531E-0002  2.841220E-0003  1.559676E-0003  1.346474E-0002  8.236635E-0003  4.758218E-0003  1.600538E-0002  2.750814E-0003  0.000000E+0000  6.362771E-0003  1.752064E-0002
  9.603987E-0003  7.219469E-0003  4.114623E-0003  1.562609E-0002  1.618002E-0002  1.949753E-0002  1.381143E-0002  1.041537E-0002  6.362771E-0003  0.000000E+0000  2.746837E-0002
  1.197411E-0002  1.796533E-0002  1.189354E-0002  2.403455E-0002  3.075257E-0002  2.897643E-0002  2.838942E-0002  2.238996E-0002  1.752064E-0002  2.746837E-0002  0.000000E+0000

  0.000000E+0000  6.916257E-0003  6.285774E-0004  2.217315E-0002  3.268941E-0003  3.758216E-0003  5.356170E-0003  7.265870E-0003  4.553143E-0003  1.081803E-0002  1.079883E-0002
  6.916257E-0003  0.000000E+0000  1.635936E-0003  1.117852E-0002  4.458275E-0003  7.990948E-0003  2.876409E-0003  7.085656E-0003  4.592060E-0003  7.561281E-0003  7.652279E-0003
  6.285774E-0004  1.635936E-0003  0.000000E+0000  6.247350E-0003  1.164932E-0003  1.320755E-0003  2.493477E-0003  1.701995E-0003  9.239438E-0004  1.732845E-0003  4.339308E-0003
  2.217315E-0002  1.117852E-0002  6.247350E-0003  0.000000E+0000  2.801717E-0002  2.026205E-0002  6.299178E-0003  1.020652E-0002  1.359801E-0002  1.563718E-0002  4.216899E-0003
  3.268941E-0003  4.458275E-0003  1.164932E-0003  2.801717E-0002  0.000000E+0000  3.366717E-0003  5.412063E-0003  9.329392E-0003  4.789305E-0003  4.037427E-0003  5.123601E-0003
  3.758216E-0003  7.990948E-0003  1.320755E-0003  2.026205E-0002  3.366717E-0003  0.000000E+0000  4.332939E-0003  6.739935E-0003  1.910447E-0003  7.819954E-0003  5.659926E-0003
  5.356170E-0003  2.876409E-0003  2.493477E-0003  6.299178E-0003  5.412063E-0003  4.332939E-0003  0.000000E+0000  6.144526E-0003  9.971601E-0003  5.975524E-0003  3.972825E-0002
  7.265870E-0003  7.085656E-0003  1.701995E-0003  1.020652E-0002  9.329392E-0003  6.739935E-0003  6.144526E-0003  0.000000E+0000  9.911018E-0003  1.017067E-0002  1.041511E-0002
  4.553143E-0003  4.592060E-0003  9.239438E-0004  1.359801E-0002  4.789305E-0003  1.910447E-0003  9.971601E-0003  9.911018E-0003  0.000000E+0000  4.623517E-0003  6.418865E-0003
  1.081803E-0002  7.561281E-0003  1.732845E-0003  1.563718E-0002  4.037427E-0003  7.819954E-0003  5.975524E-0003  1.017067E-0002  4.623517E-0003  0.000000E+0000  1.392287E-0003
  1.079883E-0002  7.652279E-0003  4.339308E-0003  4.216899E-0003  5.123601E-0003  5.659926E-0003  3.972825E-0002  1.041511E-0002  6.418865E-0003  1.392287E-0003  0.000000E+0000

  0.000000E+0000  8.608124E-0004  1.040367E-0003  8.044509E-0003  8.218347E-0004  1.194890E-0003  2.200825E-0003  9.406075E-0004  2.176851E-0003  4.185463E-0004  3.050243E-0003
  8.608124E-0004  0.000000E+0000  3.890027E-0004  5.167014E-0003  1.268144E-0003  7.346818E-0004  7.587920E-0004  6.670869E-0004  1.616780E-0003  1.120613E-0003  1.713243E-0003
  1.040367E-0003  3.890027E-0004  0.000000E+0000  7.007827E-0004  5.467215E-0004  5.494694E-0004  9.584027E-0004  3.585648E-0004  7.494757E-0004  5.930596E-0004  2.016273E-0003
  8.044509E-0003  5.167014E-0003  7.007827E-0004  0.000000E+0000  7.102354E-0003  4.493277E-0003  2.368144E-0003  4.300055E-0003  4.351324E-0003  3.099081E-0003  4.591916E-0003
  8.218347E-0004  1.268144E-0003  5.467215E-0004  7.102354E-0003  0.000000E+0000  8.052865E-0004  1.336492E-0003  1.577087E-0003  1.226246E-0003  1.295832E-0003  2.090771E-0003
  1.194890E-0003  7.346818E-0004  5.494694E-0004  4.493277E-0003  8.052865E-0004  0.000000E+0000  1.615256E-0003  5.333010E-0004  2.310803E-0003  1.247916E-0003  1.915653E-0003
  2.200825E-0003  7.587920E-0004  9.584027E-0004  2.368144E-0003  1.336492E-0003  1.615256E-0003  0.000000E+0000  1.425279E-0003  1.874846E-0003  1.123780E-0003  6.387560E-0004
  9.406075E-0004  6.670869E-0004  3.585648E-0004  4.300055E-0003  1.577087E-0003  5.333010E-0004  1.425279E-0003  0.000000E+0000  1.246654E-0003  8.430214E-0004  2.191681E-0003
  2.176851E-0003  1.616780E-0003  7.494757E-0004  4.351324E-0003  1.226246E-0003  2.310803E-0003  1.874846E-0003  1.246654E-0003  0.000000E+0000  3.032795E-0003  4.216448E-0003
  4.185463E-0004  1.120613E-0003  5.930596E-0004  3.099081E-0003  1.295832E-0003  1.247916E-0003  1.123780E-0003  8.430214E-0004  3.032795E-0003  0.000000E+0000  1.758801E-0003
  3.050243E-0003  1.713243E-0003  2.016273E-0003  4.591916E-0003  2.090771E-0003  1.915653E-0003  6.387560E-0004  2.191681E-0003  4.216448E-0003  1.758801E-0003  0.000000E+0000
