6661999 = Ignore first line (new format code)
File name: E:\Folders\PhD\ISAD\ISAD_Curry_data\ISAD_EEGs\eLORETA\EEGs_128Hz_200sec-window\Clinical_v_Healthy\T1_clinical_all\F36-ROIlinLagConn-crss.txt
1 = Number of time frames in Time X Frequency decomposition
3 = Number of EEG files
11 = Number Electrodes
25600 = Number of time frames in EEG files
32768 = Number of time frames in EEG files power of 2
7 = Number of matrices
5 = Band type (1=Classical1; 2=Classical2; 3=DiscreteFreqs; 4=AllDiscreteFreqs; 5=UserDefinedBands)
 1.280000E+0002 = Sampling rate Hz
-1.000000E+0002 = Freq1 Hz
-1.000000E+0002 = Freq2 Hz
 3.906250E-0003 = Frequency resolution Hz

  0.000000E+0000  6.833860E-0002  1.374271E-0002  1.698708E-0001  8.828461E-0002  2.249178E-0001  2.773696E-0002  8.024914E-0002  2.263621E-0002  1.240740E-0001  3.084291E-0001
  6.833860E-0002  0.000000E+0000  1.435576E-0002  1.320747E-0001  4.382139E-0002  7.206846E-0002  8.358749E-0003  6.200665E-0002  6.068768E-0002  1.137160E-0001  1.326831E-0001
  1.374271E-0002  1.435576E-0002  0.000000E+0000  5.848766E-0002  1.360930E-0002  4.997711E-0002  1.231026E-0002  2.096103E-0002  6.151726E-0003  4.226453E-0002  8.567385E-0002
  1.698708E-0001  1.320747E-0001  5.848766E-0002  0.000000E+0000  1.703342E-0001  2.164201E-0001  6.907022E-0002  2.410338E-0001  2.449224E-0001  1.532709E-0001  1.725235E-0001
  8.828461E-0002  4.382139E-0002  1.360930E-0002  1.703342E-0001  0.000000E+0000  1.143026E-0001  1.512290E-0002  7.794113E-0002  6.851644E-0002  1.162088E-0001  1.917849E-0001
  2.249178E-0001  7.206846E-0002  4.997711E-0002  2.164201E-0001  1.143026E-0001  0.000000E+0000  3.210497E-0002  2.552146E-0001  2.609844E-0001  2.282740E-0001  1.321521E-0001
  2.773696E-0002  8.358749E-0003  1.231026E-0002  6.907022E-0002  1.512290E-0002  3.210497E-0002  0.000000E+0000  2.727454E-0002  2.739010E-0002  6.925557E-0002  6.152745E-0002
  8.024914E-0002  6.200665E-0002  2.096103E-0002  2.410338E-0001  7.794113E-0002  2.552146E-0001  2.727454E-0002  0.000000E+0000  5.143244E-0002  1.642858E-0001  3.408785E-0001
  2.263621E-0002  6.068768E-0002  6.151726E-0003  2.449224E-0001  6.851644E-0002  2.609844E-0001  2.739010E-0002  5.143244E-0002  0.000000E+0000  1.699736E-0001  3.679102E-0001
  1.240740E-0001  1.137160E-0001  4.226453E-0002  1.532709E-0001  1.162088E-0001  2.282740E-0001  6.925557E-0002  1.642858E-0001  1.699736E-0001  0.000000E+0000  1.864617E-0001
  3.084291E-0001  1.326831E-0001  8.567385E-0002  1.725235E-0001  1.917849E-0001  1.321521E-0001  6.152745E-0002  3.408785E-0001  3.679102E-0001  1.864617E-0001  0.000000E+0000

  0.000000E+0000  7.084323E-0005  2.358475E-0004  1.900233E-0003  8.451733E-0004  2.316555E-0003  2.766990E-0003  2.777334E-0004  7.598621E-0004  2.170509E-0003  3.525061E-0003
  7.084323E-0005  0.000000E+0000  5.772360E-0005  1.944731E-0004  2.282958E-0004  3.436166E-0004  2.996788E-0004  1.145134E-0004  1.362163E-0004  4.809609E-0004  6.231646E-0004
  2.358475E-0004  5.772360E-0005  0.000000E+0000  1.543542E-0003  4.960450E-0004  1.139938E-0003  1.174708E-0003  1.804252E-0004  1.017737E-0003  1.977426E-0003  1.885941E-0003
  1.900233E-0003  1.944731E-0004  1.543542E-0003  0.000000E+0000  2.155944E-0003  7.434384E-0004  8.379680E-0003  5.857622E-0004  4.301969E-0003  1.960584E-0003  1.262238E-0002
  8.451733E-0004  2.282958E-0004  4.960450E-0004  2.155944E-0003  0.000000E+0000  1.702671E-0003  1.625228E-0003  5.091046E-0004  1.290489E-0003  2.347977E-0003  2.725717E-0003
  2.316555E-0003  3.436166E-0004  1.139938E-0003  7.434384E-0004  1.702671E-0003  0.000000E+0000  5.862784E-0003  2.573838E-0003  3.910688E-0003  1.400948E-0003  3.971321E-0003
  2.766990E-0003  2.996788E-0004  1.174708E-0003  8.379680E-0003  1.625228E-0003  5.862784E-0003  0.000000E+0000  1.996379E-0003  3.095819E-0003  9.164334E-0003  7.629329E-0003
  2.777334E-0004  1.145134E-0004  1.804252E-0004  5.857622E-0004  5.091046E-0004  2.573838E-0003  1.996379E-0003  0.000000E+0000  1.097312E-0004  3.685866E-0003  3.979997E-0003
  7.598621E-0004  1.362163E-0004  1.017737E-0003  4.301969E-0003  1.290489E-0003  3.910688E-0003  3.095819E-0003  1.097312E-0004  0.000000E+0000  5.232302E-0003  3.930654E-0003
  2.170509E-0003  4.809609E-0004  1.977426E-0003  1.960584E-0003  2.347977E-0003  1.400948E-0003  9.164334E-0003  3.685866E-0003  5.232302E-0003  0.000000E+0000  1.783533E-0002
  3.525061E-0003  6.231646E-0004  1.885941E-0003  1.262238E-0002  2.725717E-0003  3.971321E-0003  7.629329E-0003  3.979997E-0003  3.930654E-0003  1.783533E-0002  0.000000E+0000

  0.000000E+0000  5.685298E-0005  6.194109E-0004  1.296626E-0003  4.485175E-0005  2.109153E-0003  6.153049E-0004  1.104219E-0003  9.217454E-0004  1.007690E-0003  8.038903E-0004
  5.685298E-0005  0.000000E+0000  1.419766E-0004  3.783056E-0004  1.078086E-0004  6.582693E-0004  1.353077E-0004  4.182457E-0004  2.719150E-0004  5.770348E-0004  1.704904E-0004
  6.194109E-0004  1.419766E-0004  0.000000E+0000  6.718971E-0004  4.091002E-0004  2.717786E-0004  5.719428E-0005  4.166641E-0004  4.770374E-0004  7.321942E-0004  1.162695E-0003
  1.296626E-0003  3.783056E-0004  6.718971E-0004  0.000000E+0000  9.567700E-0004  1.561713E-0003  1.966428E-0003  1.920758E-0003  1.213589E-0003  2.669661E-0003  2.817684E-0003
  4.485175E-0005  1.078086E-0004  4.091002E-0004  9.567700E-0004  0.000000E+0000  1.510735E-0003  6.737605E-0004  4.013097E-0004  5.356799E-0004  1.413783E-0003  9.013271E-0004
  2.109153E-0003  6.582693E-0004  2.717786E-0004  1.561713E-0003  1.510735E-0003  0.000000E+0000  1.099224E-0003  4.067010E-0003  1.210272E-0003  1.856939E-0003  1.559578E-0003
  6.153049E-0004  1.353077E-0004  5.719428E-0005  1.966428E-0003  6.737605E-0004  1.099224E-0003  0.000000E+0000  5.216885E-0004  4.175832E-0004  2.030416E-0003  1.573233E-0003
  1.104219E-0003  4.182457E-0004  4.166641E-0004  1.920758E-0003  4.013097E-0004  4.067010E-0003  5.216885E-0004  0.000000E+0000  1.280691E-0003  2.799506E-0003  9.568668E-0004
  9.217454E-0004  2.719150E-0004  4.770374E-0004  1.213589E-0003  5.356799E-0004  1.210272E-0003  4.175832E-0004  1.280691E-0003  0.000000E+0000  1.102021E-0003  6.951473E-0004
  1.007690E-0003  5.770348E-0004  7.321942E-0004  2.669661E-0003  1.413783E-0003  1.856939E-0003  2.030416E-0003  2.799506E-0003  1.102021E-0003  0.000000E+0000  2.443059E-0003
  8.038903E-0004  1.704904E-0004  1.162695E-0003  2.817684E-0003  9.013271E-0004  1.559578E-0003  1.573233E-0003  9.568668E-0004  6.951473E-0004  2.443059E-0003  0.000000E+0000

  0.000000E+0000  1.133977E-0004  4.324249E-0005  4.218081E-0003  1.087119E-0004  4.450671E-0003  4.118209E-0004  1.497506E-0003  3.501438E-0004  4.804147E-0003  1.636484E-0003
  1.133977E-0004  0.000000E+0000  3.240978E-0005  8.459572E-0004  1.568038E-0004  1.264505E-0003  1.054706E-0004  3.842325E-0004  7.951088E-0005  1.240173E-0003  2.837695E-0004
  4.324249E-0005  3.240978E-0005  0.000000E+0000  9.415806E-0005  1.033416E-0004  2.108211E-0004  1.024732E-0005  7.342778E-0005  1.050501E-0004  1.150310E-0004  9.245161E-0005
  4.218081E-0003  8.459572E-0004  9.415806E-0005  0.000000E+0000  2.481185E-0003  1.083904E-0003  6.160138E-0004  5.132456E-0003  1.322960E-0003  1.130177E-0003  1.565489E-0003
  1.087119E-0004  1.568038E-0004  1.033416E-0004  2.481185E-0003  0.000000E+0000  3.222825E-0003  3.171087E-0004  1.298509E-0003  1.448534E-0004  3.471929E-0003  8.864538E-0004
  4.450671E-0003  1.264505E-0003  2.108211E-0004  1.083904E-0003  3.222825E-0003  0.000000E+0000  6.038995E-0004  4.822995E-0003  1.829331E-0003  1.093776E-0003  1.751408E-0003
  4.118209E-0004  1.054706E-0004  1.024732E-0005  6.160138E-0004  3.171087E-0004  6.038995E-0004  0.000000E+0000  3.611834E-0004  1.855598E-0004  4.942824E-0004  5.284792E-0004
  1.497506E-0003  3.842325E-0004  7.342778E-0005  5.132456E-0003  1.298509E-0003  4.822995E-0003  3.611834E-0004  0.000000E+0000  1.109607E-0003  5.052720E-0003  2.361953E-0003
  3.501438E-0004  7.951088E-0005  1.050501E-0004  1.322960E-0003  1.448534E-0004  1.829331E-0003  1.855598E-0004  1.109607E-0003  0.000000E+0000  2.100176E-0003  1.210450E-0003
  4.804147E-0003  1.240173E-0003  1.150310E-0004  1.130177E-0003  3.471929E-0003  1.093776E-0003  4.942824E-0004  5.052720E-0003  2.100176E-0003  0.000000E+0000  1.828465E-0003
  1.636484E-0003  2.837695E-0004  9.245161E-0005  1.565489E-0003  8.864538E-0004  1.751408E-0003  5.284792E-0004  2.361953E-0003  1.210450E-0003  1.828465E-0003  0.000000E+0000

  0.000000E+0000  2.096733E-0004  8.175535E-0004  3.849007E-0003  1.369645E-0003  5.032444E-0003  4.295580E-0003  2.183150E-0003  4.624784E-0003  6.250775E-0003  8.221382E-0003
  2.096733E-0004  0.000000E+0000  1.035092E-0004  3.621661E-0004  2.055718E-0004  1.522207E-0003  9.296283E-0004  8.331494E-0004  2.475682E-0004  2.014955E-0003  1.883426E-0003
  8.175535E-0004  1.035092E-0004  0.000000E+0000  8.077722E-0004  5.378284E-0004  8.648381E-0004  2.012694E-0003  6.686251E-0004  6.027391E-0004  1.078891E-0003  3.112082E-0003
  3.849007E-0003  3.621661E-0004  8.077722E-0004  0.000000E+0000  2.800793E-0003  2.654615E-0003  1.098393E-0002  3.731443E-0003  3.335553E-0003  4.317890E-0003  2.479876E-0002
  1.369645E-0003  2.055718E-0004  5.378284E-0004  2.800793E-0003  0.000000E+0000  2.362549E-0003  3.135233E-0003  1.247523E-0003  2.421750E-0003  3.253039E-0003  4.755223E-0003
  5.032444E-0003  1.522207E-0003  8.648381E-0004  2.654615E-0003  2.362549E-0003  0.000000E+0000  4.422041E-0003  1.279062E-0002  5.610468E-0003  7.644757E-0003  5.517919E-0003
  4.295580E-0003  9.296283E-0004  2.012694E-0003  1.098393E-0002  3.135233E-0003  4.422041E-0003  0.000000E+0000  4.671298E-0003  5.810043E-0003  7.445564E-0003  1.262008E-0002
  2.183150E-0003  8.331494E-0004  6.686251E-0004  3.731443E-0003  1.247523E-0003  1.279062E-0002  4.671298E-0003  0.000000E+0000  3.896333E-0003  1.891333E-0002  8.356169E-0003
  4.624784E-0003  2.475682E-0004  6.027391E-0004  3.335553E-0003  2.421750E-0003  5.610468E-0003  5.810043E-0003  3.896333E-0003  0.000000E+0000  7.361049E-0003  9.893939E-0003
  6.250775E-0003  2.014955E-0003  1.078891E-0003  4.317890E-0003  3.253039E-0003  7.644757E-0003  7.445564E-0003  1.891333E-0002  7.361049E-0003  0.000000E+0000  1.927241E-0002
  8.221382E-0003  1.883426E-0003  3.112082E-0003  2.479876E-0002  4.755223E-0003  5.517919E-0003  1.262008E-0002  8.356169E-0003  9.893939E-0003  1.927241E-0002  0.000000E+0000

  0.000000E+0000  3.474355E-0004  3.894755E-0004  1.516868E-0003  1.244591E-0004  7.966034E-0004  3.655365E-0004  3.326152E-0004  3.615850E-0004  1.032732E-0003  2.779302E-0003
  3.474355E-0004  0.000000E+0000  3.825748E-0005  1.649767E-0003  2.394397E-0004  2.519575E-0003  3.477977E-0004  1.644508E-0003  3.427606E-0004  2.131251E-0003  2.008521E-0003
  3.894755E-0004  3.825748E-0005  0.000000E+0000  8.307382E-0004  2.234190E-0004  1.056325E-0003  9.531797E-0004  3.000916E-0004  6.413628E-0004  4.440649E-0004  1.963828E-0003
  1.516868E-0003  1.649767E-0003  8.307382E-0004  0.000000E+0000  8.449570E-0004  9.289544E-0003  2.226871E-0003  4.022423E-0003  1.043368E-0003  1.359513E-0003  9.020579E-0003
  1.244591E-0004  2.394397E-0004  2.234190E-0004  8.449570E-0004  0.000000E+0000  7.384395E-0004  3.458881E-0004  4.829004E-0004  1.008234E-0004  4.589062E-0004  1.046067E-0003
  7.966034E-0004  2.519575E-0003  1.056325E-0003  9.289544E-0003  7.384395E-0004  0.000000E+0000  2.182103E-0003  4.632243E-0003  7.790365E-0004  7.420652E-0003  7.552765E-0003
  3.655365E-0004  3.477977E-0004  9.531797E-0004  2.226871E-0003  3.458881E-0004  2.182103E-0003  0.000000E+0000  1.668313E-0003  3.001392E-0003  1.410460E-0003  5.456769E-0003
  3.326152E-0004  1.644508E-0003  3.000916E-0004  4.022423E-0003  4.829004E-0004  4.632243E-0003  1.668313E-0003  0.000000E+0000  3.551050E-0004  4.570064E-0003  3.138178E-0003
  3.615850E-0004  3.427606E-0004  6.413628E-0004  1.043368E-0003  1.008234E-0004  7.790365E-0004  3.001392E-0003  3.551050E-0004  0.000000E+0000  4.478830E-0004  5.541647E-0003
  1.032732E-0003  2.131251E-0003  4.440649E-0004  1.359513E-0003  4.589062E-0004  7.420652E-0003  1.410460E-0003  4.570064E-0003  4.478830E-0004  0.000000E+0000  6.177306E-0003
  2.779302E-0003  2.008521E-0003  1.963828E-0003  9.020579E-0003  1.046067E-0003  7.552765E-0003  5.456769E-0003  3.138178E-0003  5.541647E-0003  6.177306E-0003  0.000000E+0000

  0.000000E+0000  1.136369E-0004  1.147837E-0003  3.812280E-0003  3.257258E-0004  1.531394E-0003  1.899592E-0003  8.091175E-0004  2.111548E-0003  1.260436E-0003  2.507458E-0003
  1.136369E-0004  0.000000E+0000  5.620474E-0004  4.732412E-0003  4.170016E-0004  4.635245E-0003  6.827794E-0004  4.396938E-0003  1.031385E-0003  4.437795E-0003  2.268940E-0003
  1.147837E-0003  5.620474E-0004  0.000000E+0000  7.806363E-0003  2.172797E-0003  8.835213E-0003  1.649239E-0003  1.924338E-0003  2.606478E-0003  6.430015E-0003  4.668290E-0003
  3.812280E-0003  4.732412E-0003  7.806363E-0003  0.000000E+0000  7.995200E-0003  2.832481E-0002  1.419419E-0002  1.198313E-0002  1.005569E-0002  1.494471E-0002  7.594587E-0003
  3.257258E-0004  4.170016E-0004  2.172797E-0003  7.995200E-0003  0.000000E+0000  5.845735E-0003  6.225718E-0003  3.553313E-0003  4.225349E-0003  5.481347E-0003  9.980028E-0003
  1.531394E-0003  4.635245E-0003  8.835213E-0003  2.832481E-0002  5.845735E-0003  0.000000E+0000  1.728503E-0002  1.788085E-0002  1.264570E-0002  3.083980E-0002  2.135275E-0002
  1.899592E-0003  6.827794E-0004  1.649239E-0003  1.419419E-0002  6.225718E-0003  1.728503E-0002  0.000000E+0000  3.673665E-0003  3.467269E-0003  9.029729E-0003  1.059721E-0002
  8.091175E-0004  4.396938E-0003  1.924338E-0003  1.198313E-0002  3.553313E-0003  1.788085E-0002  3.673665E-0003  0.000000E+0000  2.929851E-0003  1.557326E-0002  5.864800E-0003
  2.111548E-0003  1.031385E-0003  2.606478E-0003  1.005569E-0002  4.225349E-0003  1.264570E-0002  3.467269E-0003  2.929851E-0003  0.000000E+0000  9.241487E-0003  6.840120E-0003
  1.260436E-0003  4.437795E-0003  6.430015E-0003  1.494471E-0002  5.481347E-0003  3.083980E-0002  9.029729E-0003  1.557326E-0002  9.241487E-0003  0.000000E+0000  1.500723E-0002
  2.507458E-0003  2.268940E-0003  4.668290E-0003  7.594587E-0003  9.980028E-0003  2.135275E-0002  1.059721E-0002  5.864800E-0003  6.840120E-0003  1.500723E-0002  0.000000E+0000
