6661999 = Ignore first line (new format code)
File name: E:\Folders\PhD\ISAD\ISAD_Curry_data\ISAD_EEGs\eLORETA\EEGs_128Hz_200sec-window\Clinical_v_Healthy\T1_clinical_all\F37-ROIlinLagConn-crss.txt
1 = Number of time frames in Time X Frequency decomposition
3 = Number of EEG files
11 = Number Electrodes
25600 = Number of time frames in EEG files
32768 = Number of time frames in EEG files power of 2
7 = Number of matrices
5 = Band type (1=Classical1; 2=Classical2; 3=DiscreteFreqs; 4=AllDiscreteFreqs; 5=UserDefinedBands)
 1.280000E+0002 = Sampling rate Hz
-1.000000E+0002 = Freq1 Hz
-1.000000E+0002 = Freq2 Hz
 3.906250E-0003 = Frequency resolution Hz

  0.000000E+0000  4.278073E-0003  1.235511E-0002  1.288815E-0002  2.528182E-0002  1.756934E-0002  3.775566E-0002  5.902166E-0002  1.061066E-0002  1.002814E-0002  4.813608E-0002
  4.278073E-0003  0.000000E+0000  4.465889E-0003  1.117249E-0002  2.182040E-0002  1.795490E-0002  3.054373E-0002  7.848233E-0003  7.703852E-0003  2.806273E-0002  2.725539E-0002
  1.235511E-0002  4.465889E-0003  0.000000E+0000  4.410448E-0002  3.246800E-0002  2.101876E-0002  3.601026E-0002  2.651833E-0002  1.229182E-0002  2.889036E-0002  7.594359E-0002
  1.288815E-0002  1.117249E-0002  4.410448E-0002  0.000000E+0000  4.472749E-0002  1.036501E-0001  9.563196E-0002  7.355962E-0002  5.425153E-0002  4.871778E-0002  7.555110E-0002
  2.528182E-0002  2.182040E-0002  3.246800E-0002  4.472749E-0002  0.000000E+0000  1.129669E-0002  1.284265E-0001  1.491251E-0001  8.671377E-0002  4.243373E-0002  8.139893E-0002
  1.756934E-0002  1.795490E-0002  2.101876E-0002  1.036501E-0001  1.129669E-0002  0.000000E+0000  4.672233E-0002  4.882027E-0002  3.376419E-0002  1.290366E-0001  6.972849E-0002
  3.775566E-0002  3.054373E-0002  3.601026E-0002  9.563196E-0002  1.284265E-0001  4.672233E-0002  0.000000E+0000  2.066868E-0002  2.510696E-0002  7.954711E-0002  1.591379E-0001
  5.902166E-0002  7.848233E-0003  2.651833E-0002  7.355962E-0002  1.491251E-0001  4.882027E-0002  2.066868E-0002  0.000000E+0000  3.764379E-0002  4.396800E-0002  4.220347E-0002
  1.061066E-0002  7.703852E-0003  1.229182E-0002  5.425153E-0002  8.671377E-0002  3.376419E-0002  2.510696E-0002  3.764379E-0002  0.000000E+0000  3.704114E-0002  1.038379E-0001
  1.002814E-0002  2.806273E-0002  2.889036E-0002  4.871778E-0002  4.243373E-0002  1.290366E-0001  7.954711E-0002  4.396800E-0002  3.704114E-0002  0.000000E+0000  9.199436E-0002
  4.813608E-0002  2.725539E-0002  7.594359E-0002  7.555110E-0002  8.139893E-0002  6.972849E-0002  1.591379E-0001  4.220347E-0002  1.038379E-0001  9.199436E-0002  0.000000E+0000

  0.000000E+0000  4.978536E-0003  5.099678E-0004  9.510815E-0004  1.900070E-0003  1.000908E-0002  1.884935E-0003  1.001937E-0002  5.162786E-0004  8.658103E-0003  1.660970E-0003
  4.978536E-0003  0.000000E+0000  1.893254E-0003  1.028043E-0003  5.564748E-0003  1.198907E-0003  3.500278E-0003  2.079174E-0003  2.624586E-0003  6.657204E-0004  4.715154E-0003
  5.099678E-0004  1.893254E-0003  0.000000E+0000  8.360299E-0004  1.624267E-0003  5.425622E-0003  3.264173E-0003  3.199355E-0003  3.842205E-0004  4.630919E-0003  1.818128E-0003
  9.510815E-0004  1.028043E-0003  8.360299E-0004  0.000000E+0000  2.000407E-0003  7.222401E-0003  3.558887E-0003  5.190732E-0004  1.089434E-0003  7.832866E-0003  9.055264E-0003
  1.900070E-0003  5.564748E-0003  1.624267E-0003  2.000407E-0003  0.000000E+0000  6.395457E-0003  2.396162E-0003  1.257820E-0002  1.385308E-0003  8.879052E-0003  2.995705E-0003
  1.000908E-0002  1.198907E-0003  5.425622E-0003  7.222401E-0003  6.395457E-0003  0.000000E+0000  1.026224E-0002  5.317496E-0003  4.774814E-0003  8.835978E-0004  4.154217E-0003
  1.884935E-0003  3.500278E-0003  3.264173E-0003  3.558887E-0003  2.396162E-0003  1.026224E-0002  0.000000E+0000  2.311111E-0003  3.504649E-0003  1.422184E-0002  6.395341E-0003
  1.001937E-0002  2.079174E-0003  3.199355E-0003  5.190732E-0004  1.257820E-0002  5.317496E-0003  2.311111E-0003  0.000000E+0000  5.421430E-0003  4.532139E-0003  2.383349E-0003
  5.162786E-0004  2.624586E-0003  3.842205E-0004  1.089434E-0003  1.385308E-0003  4.774814E-0003  3.504649E-0003  5.421430E-0003  0.000000E+0000  3.364052E-0003  3.210098E-0003
  8.658103E-0003  6.657204E-0004  4.630919E-0003  7.832866E-0003  8.879052E-0003  8.835978E-0004  1.422184E-0002  4.532139E-0003  3.364052E-0003  0.000000E+0000  4.781085E-0003
  1.660970E-0003  4.715154E-0003  1.818128E-0003  9.055264E-0003  2.995705E-0003  4.154217E-0003  6.395341E-0003  2.383349E-0003  3.210098E-0003  4.781085E-0003  0.000000E+0000

  0.000000E+0000  1.420215E-0003  8.668561E-0004  2.310191E-0003  5.463036E-0003  6.184406E-0003  2.140610E-0003  2.869703E-0003  2.176916E-0003  5.248748E-0003  1.334855E-0002
  1.420215E-0003  0.000000E+0000  4.857258E-0004  4.059016E-0003  4.937581E-0003  3.259164E-0003  2.569668E-0003  1.877410E-0003  1.021948E-0003  3.677976E-0003  3.936918E-0003
  8.668561E-0004  4.857258E-0004  0.000000E+0000  2.717242E-0003  4.689747E-0003  3.832633E-0003  1.643290E-0003  1.324735E-0003  2.897741E-0003  5.129248E-0003  1.608234E-0002
  2.310191E-0003  4.059016E-0003  2.717242E-0003  0.000000E+0000  3.771692E-0003  9.371579E-0003  3.703990E-0003  7.036720E-0003  5.228750E-0003  7.984709E-0003  5.037575E-0003
  5.463036E-0003  4.937581E-0003  4.689747E-0003  3.771692E-0003  0.000000E+0000  1.525007E-0002  1.303189E-0002  6.623466E-0003  1.022790E-0002  1.370864E-0002  2.831111E-0002
  6.184406E-0003  3.259164E-0003  3.832633E-0003  9.371579E-0003  1.525007E-0002  0.000000E+0000  2.772140E-0003  4.722986E-0003  7.270929E-0003  7.085747E-0003  2.730882E-0003
  2.140610E-0003  2.569668E-0003  1.643290E-0003  3.703990E-0003  1.303189E-0002  2.772140E-0003  0.000000E+0000  4.653612E-0003  2.982816E-0003  3.897638E-0003  2.389039E-0002
  2.869703E-0003  1.877410E-0003  1.324735E-0003  7.036720E-0003  6.623466E-0003  4.722986E-0003  4.653612E-0003  0.000000E+0000  2.378848E-0003  5.885886E-0003  1.009645E-0002
  2.176916E-0003  1.021948E-0003  2.897741E-0003  5.228750E-0003  1.022790E-0002  7.270929E-0003  2.982816E-0003  2.378848E-0003  0.000000E+0000  8.754767E-0003  1.905135E-0002
  5.248748E-0003  3.677976E-0003  5.129248E-0003  7.984709E-0003  1.370864E-0002  7.085747E-0003  3.897638E-0003  5.885886E-0003  8.754767E-0003  0.000000E+0000  1.054276E-0002
  1.334855E-0002  3.936918E-0003  1.608234E-0002  5.037575E-0003  2.831111E-0002  2.730882E-0003  2.389039E-0002  1.009645E-0002  1.905135E-0002  1.054276E-0002  0.000000E+0000

  0.000000E+0000  6.216787E-0003  8.441586E-0003  1.211891E-0002  1.759986E-0002  4.104552E-0002  2.452141E-0002  6.925568E-0003  4.813998E-0003  1.666665E-0002  4.741124E-0002
  6.216787E-0003  0.000000E+0000  1.256133E-0003  3.466861E-0003  4.413606E-0003  5.799246E-0003  3.171807E-0003  3.683202E-0003  2.707739E-0003  3.256945E-0003  8.534272E-0003
  8.441586E-0003  1.256133E-0003  0.000000E+0000  5.678320E-0003  1.942935E-0002  1.261381E-0002  1.780820E-0002  3.252855E-0003  2.494887E-0003  8.590472E-0003  4.455377E-0002
  1.211891E-0002  3.466861E-0003  5.678320E-0003  0.000000E+0000  1.076304E-0002  5.248005E-0003  1.847524E-0002  1.125699E-0002  9.092003E-0003  1.451667E-0002  2.666620E-0002
  1.759986E-0002  4.413606E-0003  1.942935E-0002  1.076304E-0002  0.000000E+0000  2.697562E-0002  8.482433E-0002  1.152815E-0002  1.620546E-0002  1.027721E-0002  9.573133E-0002
  4.104552E-0002  5.799246E-0003  1.261381E-0002  5.248005E-0003  2.697562E-0002  0.000000E+0000  2.038046E-0002  2.617753E-0002  2.490108E-0002  2.609532E-0002  2.794796E-0002
  2.452141E-0002  3.171807E-0003  1.780820E-0002  1.847524E-0002  8.482433E-0002  2.038046E-0002  0.000000E+0000  7.125355E-0003  1.994988E-0002  2.070784E-0002  6.476515E-0002
  6.925568E-0003  3.683202E-0003  3.252855E-0003  1.125699E-0002  1.152815E-0002  2.617753E-0002  7.125355E-0003  0.000000E+0000  4.525820E-0003  1.664495E-0002  2.016434E-0002
  4.813998E-0003  2.707739E-0003  2.494887E-0003  9.092003E-0003  1.620546E-0002  2.490108E-0002  1.994988E-0002  4.525820E-0003  0.000000E+0000  1.253155E-0002  5.169517E-0002
  1.666665E-0002  3.256945E-0003  8.590472E-0003  1.451667E-0002  1.027721E-0002  2.609532E-0002  2.070784E-0002  1.664495E-0002  1.253155E-0002  0.000000E+0000  2.983071E-0002
  4.741124E-0002  8.534272E-0003  4.455377E-0002  2.666620E-0002  9.573133E-0002  2.794796E-0002  6.476515E-0002  2.016434E-0002  5.169517E-0002  2.983071E-0002  0.000000E+0000

  0.000000E+0000  1.468593E-0002  9.239433E-0003  1.189113E-0001  4.661646E-0002  1.811288E-0001  2.818527E-0001  1.526252E-0002  1.331229E-0002  1.819844E-0001  1.614270E-0001
  1.468593E-0002  0.000000E+0000  6.028709E-0003  6.526558E-0002  1.228542E-0002  6.560162E-0002  1.343714E-0001  1.872776E-0002  8.149249E-0003  8.965879E-0002  6.616472E-0002
  9.239433E-0003  6.028709E-0003  0.000000E+0000  5.284115E-0002  4.147538E-0002  1.007456E-0001  1.911363E-0001  6.249888E-0003  1.174350E-0002  1.077542E-0001  1.413645E-0001
  1.189113E-0001  6.526558E-0002  5.284115E-0002  0.000000E+0000  7.776733E-0002  2.740485E-0001  1.670994E-0001  1.238024E-0001  8.520310E-0002  2.335761E-0001  2.041267E-0001
  4.661646E-0002  1.228542E-0002  4.147538E-0002  7.776733E-0002  0.000000E+0000  1.421338E-0001  1.590491E-0001  2.499622E-0002  8.209554E-0002  1.487695E-0001  1.242290E-0001
  1.811288E-0001  6.560162E-0002  1.007456E-0001  2.740485E-0001  1.421338E-0001  0.000000E+0000  4.916416E-0001  1.442358E-0001  1.234724E-0001  5.177810E-0001  4.588275E-0001
  2.818527E-0001  1.343714E-0001  1.911363E-0001  1.670994E-0001  1.590491E-0001  4.916416E-0001  0.000000E+0000  2.629972E-0001  2.068548E-0001  3.840624E-0001  4.023659E-0001
  1.526252E-0002  1.872776E-0002  6.249888E-0003  1.238024E-0001  2.499622E-0002  1.442358E-0001  2.629972E-0001  0.000000E+0000  1.195196E-0002  1.569330E-0001  1.550899E-0001
  1.331229E-0002  8.149249E-0003  1.174350E-0002  8.520310E-0002  8.209554E-0002  1.234724E-0001  2.068548E-0001  1.195196E-0002  0.000000E+0000  1.494480E-0001  1.724397E-0001
  1.819844E-0001  8.965879E-0002  1.077542E-0001  2.335761E-0001  1.487695E-0001  5.177810E-0001  3.840624E-0001  1.569330E-0001  1.494480E-0001  0.000000E+0000  4.016810E-0001
  1.614270E-0001  6.616472E-0002  1.413645E-0001  2.041267E-0001  1.242290E-0001  4.588275E-0001  4.023659E-0001  1.550899E-0001  1.724397E-0001  4.016810E-0001  0.000000E+0000

  0.000000E+0000  2.806394E-0004  1.464769E-0003  1.248542E-0003  6.159859E-0004  4.666658E-0003  1.606115E-0002  4.668234E-0004  6.729645E-0004  2.890985E-0003  2.217262E-0002
  2.806394E-0004  0.000000E+0000  2.576183E-0004  4.519482E-0004  2.227494E-0004  5.284985E-0004  2.795578E-0003  1.792008E-0004  5.432266E-0004  3.591661E-0004  6.237973E-0003
  1.464769E-0003  2.576183E-0004  0.000000E+0000  2.135617E-0004  3.829428E-0004  1.087284E-0003  1.147608E-0002  1.405778E-0003  7.079351E-0004  2.740020E-0004  1.927217E-0002
  1.248542E-0003  4.519482E-0004  2.135617E-0004  0.000000E+0000  1.784831E-0003  1.731113E-0003  2.652445E-0003  1.221180E-0003  6.364409E-0004  3.577016E-0003  6.585993E-0003
  6.159859E-0004  2.227494E-0004  3.829428E-0004  1.784831E-0003  0.000000E+0000  1.731635E-0003  5.780085E-0003  1.011756E-0003  7.309054E-0004  2.632054E-0003  6.723712E-0003
  4.666658E-0003  5.284985E-0004  1.087284E-0003  1.731113E-0003  1.731635E-0003  0.000000E+0000  1.433178E-0002  1.709892E-0003  2.062430E-0003  6.625153E-0003  1.353479E-0002
  1.606115E-0002  2.795578E-0003  1.147608E-0002  2.652445E-0003  5.780085E-0003  1.433178E-0002  0.000000E+0000  6.510698E-0003  1.586918E-0002  7.744076E-0003  3.596207E-0002
  4.668234E-0004  1.792008E-0004  1.405778E-0003  1.221180E-0003  1.011756E-0003  1.709892E-0003  6.510698E-0003  0.000000E+0000  8.803639E-0004  2.020303E-0003  1.314521E-0002
  6.729645E-0004  5.432266E-0004  7.079351E-0004  6.364409E-0004  7.309054E-0004  2.062430E-0003  1.586918E-0002  8.803639E-0004  0.000000E+0000  1.204128E-0003  2.184648E-0002
  2.890985E-0003  3.591661E-0004  2.740020E-0004  3.577016E-0003  2.632054E-0003  6.625153E-0003  7.744076E-0003  2.020303E-0003  1.204128E-0003  0.000000E+0000  1.960649E-0002
  2.217262E-0002  6.237973E-0003  1.927217E-0002  6.585993E-0003  6.723712E-0003  1.353479E-0002  3.596207E-0002  1.314521E-0002  2.184648E-0002  1.960649E-0002  0.000000E+0000

  0.000000E+0000  8.579905E-0005  6.594523E-0004  5.642672E-0004  1.242393E-0003  1.677988E-0003  4.595495E-0003  1.256206E-0003  3.212516E-0003  8.538854E-0004  3.957423E-0003
  8.579905E-0005  0.000000E+0000  5.753776E-0004  9.014696E-0004  6.068396E-0004  6.076519E-0004  1.358514E-0003  3.155541E-0004  1.330654E-0003  7.709814E-0004  1.032236E-0003
  6.594523E-0004  5.753776E-0004  0.000000E+0000  4.678200E-0004  5.934693E-0004  3.663739E-0004  5.385562E-0003  1.712303E-0003  8.692407E-0004  7.345763E-0004  3.589722E-0003
  5.642672E-0004  9.014696E-0004  4.678200E-0004  0.000000E+0000  7.756057E-0004  1.654980E-0003  9.026752E-0004  5.519879E-0004  1.136343E-0003  1.397879E-0003  3.906950E-0004
  1.242393E-0003  6.068396E-0004  5.934693E-0004  7.756057E-0004  0.000000E+0000  8.562825E-0004  3.981031E-0003  2.083216E-0003  3.690946E-0003  9.134347E-0004  3.430560E-0003
  1.677988E-0003  6.076519E-0004  3.663739E-0004  1.654980E-0003  8.562825E-0004  0.000000E+0000  2.368306E-0003  1.424835E-0003  1.260706E-0003  2.269523E-0003  3.525219E-0003
  4.595495E-0003  1.358514E-0003  5.385562E-0003  9.026752E-0004  3.981031E-0003  2.368306E-0003  0.000000E+0000  2.506326E-0003  7.301640E-0003  2.573015E-0003  7.138406E-0003
  1.256206E-0003  3.155541E-0004  1.712303E-0003  5.519879E-0004  2.083216E-0003  1.424835E-0003  2.506326E-0003  0.000000E+0000  1.009137E-0003  9.495131E-0004  1.330058E-0003
  3.212516E-0003  1.330654E-0003  8.692407E-0004  1.136343E-0003  3.690946E-0003  1.260706E-0003  7.301640E-0003  1.009137E-0003  0.000000E+0000  1.509822E-0003  4.313764E-0003
  8.538854E-0004  7.709814E-0004  7.345763E-0004  1.397879E-0003  9.134347E-0004  2.269523E-0003  2.573015E-0003  9.495131E-0004  1.509822E-0003  0.000000E+0000  2.663080E-0003
  3.957423E-0003  1.032236E-0003  3.589722E-0003  3.906950E-0004  3.430560E-0003  3.525219E-0003  7.138406E-0003  1.330058E-0003  4.313764E-0003  2.663080E-0003  0.000000E+0000
