6661999 = Ignore first line (new format code)
File name: E:\Folders\PhD\ISAD\ISAD_Curry_data\ISAD_EEGs\eLORETA\EEGs_128Hz_200sec-window\Clinical_v_Healthy\T1_clinical_all\F39-ROIlinLagConn-crss.txt
1 = Number of time frames in Time X Frequency decomposition
3 = Number of EEG files
11 = Number Electrodes
25600 = Number of time frames in EEG files
32768 = Number of time frames in EEG files power of 2
7 = Number of matrices
5 = Band type (1=Classical1; 2=Classical2; 3=DiscreteFreqs; 4=AllDiscreteFreqs; 5=UserDefinedBands)
 1.280000E+0002 = Sampling rate Hz
-1.000000E+0002 = Freq1 Hz
-1.000000E+0002 = Freq2 Hz
 3.906250E-0003 = Frequency resolution Hz

  0.000000E+0000  4.408552E-0003  1.588332E-0002  4.478188E-0003  4.616567E-0003  9.588975E-0003  3.754533E-0002  4.529876E-0003  3.054811E-0002  1.146348E-0002  5.003109E-0002
  4.408552E-0003  0.000000E+0000  5.341518E-0003  7.714871E-0003  7.265617E-0003  1.893328E-0002  5.775054E-0003  1.441915E-0002  8.810493E-0003  1.827490E-0002  1.116921E-0002
  1.588332E-0002  5.341518E-0003  0.000000E+0000  2.728873E-0003  1.748109E-0002  1.461903E-0002  1.092579E-0002  6.965324E-0003  1.134176E-0002  2.283851E-0002  5.493364E-0003
  4.478188E-0003  7.714871E-0003  2.728873E-0003  0.000000E+0000  1.081968E-0002  1.557313E-0002  1.098759E-0002  1.291779E-0002  2.123028E-0002  7.575324E-0003  7.724512E-0003
  4.616567E-0003  7.265617E-0003  1.748109E-0002  1.081968E-0002  0.000000E+0000  2.412562E-0002  2.365795E-0002  2.391292E-0002  3.775542E-0002  2.430999E-0002  3.110067E-0002
  9.588975E-0003  1.893328E-0002  1.461903E-0002  1.557313E-0002  2.412562E-0002  0.000000E+0000  5.795912E-0002  5.568112E-0002  3.022129E-0002  2.957297E-0002  1.268993E-0001
  3.754533E-0002  5.775054E-0003  1.092579E-0002  1.098759E-0002  2.365795E-0002  5.795912E-0002  0.000000E+0000  7.785909E-0003  1.558499E-0002  6.531060E-0002  1.728846E-0002
  4.529876E-0003  1.441915E-0002  6.965324E-0003  1.291779E-0002  2.391292E-0002  5.568112E-0002  7.785909E-0003  0.000000E+0000  3.746679E-0002  3.689405E-0002  1.764344E-0002
  3.054811E-0002  8.810493E-0003  1.134176E-0002  2.123028E-0002  3.775542E-0002  3.022129E-0002  1.558499E-0002  3.746679E-0002  0.000000E+0000  4.060520E-0002  2.625982E-0002
  1.146348E-0002  1.827490E-0002  2.283851E-0002  7.575324E-0003  2.430999E-0002  2.957297E-0002  6.531060E-0002  3.689405E-0002  4.060520E-0002  0.000000E+0000  1.273096E-0001
  5.003109E-0002  1.116921E-0002  5.493364E-0003  7.724512E-0003  3.110067E-0002  1.268993E-0001  1.728846E-0002  1.764344E-0002  2.625982E-0002  1.273096E-0001  0.000000E+0000

  0.000000E+0000  4.256038E-0003  2.352264E-0003  8.875823E-0004  8.863253E-0004  2.254250E-0003  4.084114E-0003  5.184600E-0003  5.284343E-0003  1.627589E-0003  1.674642E-0003
  4.256038E-0003  0.000000E+0000  2.407172E-0003  1.961103E-0003  8.188359E-0003  2.003043E-0003  9.162169E-0003  7.799713E-0003  1.126478E-0002  2.546258E-0003  4.619368E-0003
  2.352264E-0003  2.407172E-0003  0.000000E+0000  6.335021E-0003  5.072580E-0003  2.735656E-0003  7.082470E-0004  4.873132E-0003  2.475060E-0003  4.274455E-0003  5.709412E-0003
  8.875823E-0004  1.961103E-0003  6.335021E-0003  0.000000E+0000  1.738681E-0003  1.575460E-0003  1.397214E-0002  2.891087E-0003  8.236138E-0003  2.740053E-0003  1.942214E-0002
  8.863253E-0004  8.188359E-0003  5.072580E-0003  1.738681E-0003  0.000000E+0000  5.513673E-0003  1.136418E-0002  1.835339E-0002  1.345637E-0002  4.272508E-0003  4.996492E-0003
  2.254250E-0003  2.003043E-0003  2.735656E-0003  1.575460E-0003  5.513673E-0003  0.000000E+0000  2.585504E-0003  6.143683E-0003  6.591609E-0003  3.910659E-0003  2.870834E-0003
  4.084114E-0003  9.162169E-0003  7.082470E-0004  1.397214E-0002  1.136418E-0002  2.585504E-0003  0.000000E+0000  1.554546E-0002  2.547607E-0003  7.210616E-0003  1.487218E-0002
  5.184600E-0003  7.799713E-0003  4.873132E-0003  2.891087E-0003  1.835339E-0002  6.143683E-0003  1.554546E-0002  0.000000E+0000  1.863380E-0002  6.316985E-0003  7.097800E-0003
  5.284343E-0003  1.126478E-0002  2.475060E-0003  8.236138E-0003  1.345637E-0002  6.591609E-0003  2.547607E-0003  1.863380E-0002  0.000000E+0000  1.105046E-0002  8.931905E-0003
  1.627589E-0003  2.546258E-0003  4.274455E-0003  2.740053E-0003  4.272508E-0003  3.910659E-0003  7.210616E-0003  6.316985E-0003  1.105046E-0002  0.000000E+0000  1.418429E-0002
  1.674642E-0003  4.619368E-0003  5.709412E-0003  1.942214E-0002  4.996492E-0003  2.870834E-0003  1.487218E-0002  7.097800E-0003  8.931905E-0003  1.418429E-0002  0.000000E+0000

  0.000000E+0000  8.143202E-0004  1.928628E-0003  6.952944E-0003  3.786190E-0003  2.436867E-0003  1.002700E-0003  2.396841E-0003  1.862170E-0003  3.636232E-0003  5.503334E-0003
  8.143202E-0004  0.000000E+0000  1.161114E-0004  9.119887E-0004  3.886661E-0004  1.464276E-0003  1.201521E-0004  8.384794E-0004  9.328192E-0004  2.005174E-0003  9.387081E-0004
  1.928628E-0003  1.161114E-0004  0.000000E+0000  3.199083E-0004  4.011655E-0004  3.053488E-0004  4.384924E-0004  2.051741E-0004  2.846714E-0003  3.788009E-0004  1.359019E-0003
  6.952944E-0003  9.119887E-0004  3.199083E-0004  0.000000E+0000  1.591640E-0004  2.807716E-0003  4.029856E-0003  3.033075E-0003  4.813931E-0003  2.228214E-0003  4.352000E-0003
  3.786190E-0003  3.886661E-0004  4.011655E-0004  1.591640E-0004  0.000000E+0000  1.500472E-0003  2.122304E-0004  9.825954E-0004  4.006257E-0003  1.588806E-0003  2.289871E-0004
  2.436867E-0003  1.464276E-0003  3.053488E-0004  2.807716E-0003  1.500472E-0003  0.000000E+0000  3.197099E-0003  7.855489E-0003  4.173253E-0003  6.803288E-0003  4.641243E-0003
  1.002700E-0003  1.201521E-0004  4.384924E-0004  4.029856E-0003  2.122304E-0004  3.197099E-0003  0.000000E+0000  1.465555E-0003  1.961556E-0003  5.281844E-0003  4.473338E-0003
  2.396841E-0003  8.384794E-0004  2.051741E-0004  3.033075E-0003  9.825954E-0004  7.855489E-0003  1.465555E-0003  0.000000E+0000  4.088830E-0003  6.571208E-0003  4.323899E-0003
  1.862170E-0003  9.328192E-0004  2.846714E-0003  4.813931E-0003  4.006257E-0003  4.173253E-0003  1.961556E-0003  4.088830E-0003  0.000000E+0000  3.400088E-0003  4.974018E-0003
  3.636232E-0003  2.005174E-0003  3.788009E-0004  2.228214E-0003  1.588806E-0003  6.803288E-0003  5.281844E-0003  6.571208E-0003  3.400088E-0003  0.000000E+0000  4.518440E-0003
  5.503334E-0003  9.387081E-0004  1.359019E-0003  4.352000E-0003  2.289871E-0004  4.641243E-0003  4.473338E-0003  4.323899E-0003  4.974018E-0003  4.518440E-0003  0.000000E+0000

  0.000000E+0000  3.411086E-0003  2.863343E-0003  2.898503E-0003  8.617000E-0003  1.522562E-0002  5.807710E-0003  1.025991E-0002  1.082018E-0002  9.045276E-0003  9.693390E-0003
  3.411086E-0003  0.000000E+0000  1.159515E-0003  2.013921E-0003  5.006559E-0003  4.741112E-0003  1.910871E-0003  2.810884E-0003  1.050535E-0002  3.551634E-0003  3.591268E-0003
  2.863343E-0003  1.159515E-0003  0.000000E+0000  1.205809E-0003  3.359053E-0003  3.095059E-0003  9.217935E-0004  2.157915E-0003  4.165704E-0003  9.445424E-0004  1.832529E-0003
  2.898503E-0003  2.013921E-0003  1.205809E-0003  0.000000E+0000  8.875377E-0003  8.403681E-0003  2.211131E-0003  6.511522E-0003  8.919006E-0003  4.710821E-0003  2.892854E-0003
  8.617000E-0003  5.006559E-0003  3.359053E-0003  8.875377E-0003  0.000000E+0000  1.158952E-0002  8.014357E-0003  9.128543E-0003  9.016189E-0003  1.050760E-0002  1.205747E-0002
  1.522562E-0002  4.741112E-0003  3.095059E-0003  8.403681E-0003  1.158952E-0002  0.000000E+0000  5.895407E-0003  1.193292E-0002  3.138741E-0003  9.549872E-0003  9.928586E-0003
  5.807710E-0003  1.910871E-0003  9.217935E-0004  2.211131E-0003  8.014357E-0003  5.895407E-0003  0.000000E+0000  6.902652E-0003  5.773875E-0003  2.539690E-0003  3.210704E-0003
  1.025991E-0002  2.810884E-0003  2.157915E-0003  6.511522E-0003  9.128543E-0003  1.193292E-0002  6.902652E-0003  0.000000E+0000  1.788312E-0002  1.000635E-0002  1.087696E-0002
  1.082018E-0002  1.050535E-0002  4.165704E-0003  8.919006E-0003  9.016189E-0003  3.138741E-0003  5.773875E-0003  1.788312E-0002  0.000000E+0000  7.509478E-0003  1.159462E-0002
  9.045276E-0003  3.551634E-0003  9.445424E-0004  4.710821E-0003  1.050760E-0002  9.549872E-0003  2.539690E-0003  1.000635E-0002  7.509478E-0003  0.000000E+0000  4.934555E-0003
  9.693390E-0003  3.591268E-0003  1.832529E-0003  2.892854E-0003  1.205747E-0002  9.928586E-0003  3.210704E-0003  1.087696E-0002  1.159462E-0002  4.934555E-0003  0.000000E+0000

  0.000000E+0000  2.219242E-0003  3.433505E-0004  1.996433E-0003  7.842656E-0004  4.994509E-0003  3.877882E-0003  1.924502E-0003  1.010780E-0003  5.279482E-0003  3.287525E-0003
  2.219242E-0003  0.000000E+0000  1.380167E-0003  1.223525E-0002  2.411859E-0003  1.049687E-0002  1.016364E-0003  1.695617E-0003  1.971000E-0003  1.175107E-0002  5.532068E-0003
  3.433505E-0004  1.380167E-0003  0.000000E+0000  5.828483E-0003  2.838373E-0003  3.428885E-0003  3.085023E-0003  2.254169E-0003  2.045299E-0003  4.445456E-0003  3.237398E-0003
  1.996433E-0003  1.223525E-0002  5.828483E-0003  0.000000E+0000  1.649609E-0002  6.058131E-0002  1.308395E-0002  2.938703E-0002  1.448943E-0002  6.475119E-0002  9.936127E-0003
  7.842656E-0004  2.411859E-0003  2.838373E-0003  1.649609E-0002  0.000000E+0000  1.141218E-0002  6.316370E-0003  7.125786E-0003  1.706689E-0003  1.449838E-0002  1.222026E-0002
  4.994509E-0003  1.049687E-0002  3.428885E-0003  6.058131E-0002  1.141218E-0002  0.000000E+0000  1.850739E-0002  3.044001E-0002  6.599739E-0003  6.200972E-0002  4.671159E-0002
  3.877882E-0003  1.016364E-0003  3.085023E-0003  1.308395E-0002  6.316370E-0003  1.850739E-0002  0.000000E+0000  3.021792E-0003  4.116469E-0003  1.924424E-0002  1.355827E-0002
  1.924502E-0003  1.695617E-0003  2.254169E-0003  2.938703E-0002  7.125786E-0003  3.044001E-0002  3.021792E-0003  0.000000E+0000  3.593912E-0003  3.401228E-0002  1.920472E-0002
  1.010780E-0003  1.971000E-0003  2.045299E-0003  1.448943E-0002  1.706689E-0003  6.599739E-0003  4.116469E-0003  3.593912E-0003  0.000000E+0000  1.097374E-0002  1.302439E-0002
  5.279482E-0003  1.175107E-0002  4.445456E-0003  6.475119E-0002  1.449838E-0002  6.200972E-0002  1.924424E-0002  3.401228E-0002  1.097374E-0002  0.000000E+0000  5.011714E-0002
  3.287525E-0003  5.532068E-0003  3.237398E-0003  9.936127E-0003  1.222026E-0002  4.671159E-0002  1.355827E-0002  1.920472E-0002  1.302439E-0002  5.011714E-0002  0.000000E+0000

  0.000000E+0000  1.190458E-0003  2.766195E-0004  1.732912E-0004  2.232329E-0003  4.210766E-0003  4.137522E-0004  2.469648E-0003  6.785642E-0004  4.113086E-0003  5.783084E-0004
  1.190458E-0003  0.000000E+0000  2.089687E-0004  5.207670E-0003  1.746620E-0003  4.858592E-0003  5.394301E-0004  1.363864E-0003  6.899295E-0004  5.466015E-0003  3.720103E-0003
  2.766195E-0004  2.089687E-0004  0.000000E+0000  9.944453E-0004  1.246816E-0003  2.287609E-0003  1.374551E-0003  9.589081E-0004  7.930238E-0004  2.143610E-0003  1.047873E-0003
  1.732912E-0004  5.207670E-0003  9.944453E-0004  0.000000E+0000  4.025148E-0003  1.821487E-0002  1.210537E-0003  7.562829E-0003  1.269136E-0003  1.747796E-0002  2.198673E-0003
  2.232329E-0003  1.746620E-0003  1.246816E-0003  4.025148E-0003  0.000000E+0000  5.323067E-0003  1.497082E-0003  4.406802E-0003  1.046563E-0003  5.846256E-0003  4.890335E-0003
  4.210766E-0003  4.858592E-0003  2.287609E-0003  1.821487E-0002  5.323067E-0003  0.000000E+0000  6.983113E-0003  9.232943E-0003  1.251773E-0003  1.826832E-0002  1.708486E-0002
  4.137522E-0004  5.394301E-0004  1.374551E-0003  1.210537E-0003  1.497082E-0003  6.983113E-0003  0.000000E+0000  1.632031E-0003  7.090633E-0004  6.477240E-0003  1.884277E-0003
  2.469648E-0003  1.363864E-0003  9.589081E-0004  7.562829E-0003  4.406802E-0003  9.232943E-0003  1.632031E-0003  0.000000E+0000  8.456980E-0004  1.056227E-0002  8.291922E-0003
  6.785642E-0004  6.899295E-0004  7.930238E-0004  1.269136E-0003  1.046563E-0003  1.251773E-0003  7.090633E-0004  8.456980E-0004  0.000000E+0000  1.243567E-0003  1.905841E-0003
  4.113086E-0003  5.466015E-0003  2.143610E-0003  1.747796E-0002  5.846256E-0003  1.826832E-0002  6.477240E-0003  1.056227E-0002  1.243567E-0003  0.000000E+0000  1.708083E-0002
  5.783084E-0004  3.720103E-0003  1.047873E-0003  2.198673E-0003  4.890335E-0003  1.708486E-0002  1.884277E-0003  8.291922E-0003  1.905841E-0003  1.708083E-0002  0.000000E+0000

  0.000000E+0000  6.577463E-0004  1.694211E-0004  9.400327E-0005  6.574952E-0004  4.137154E-0004  2.749841E-0004  1.612669E-0003  2.339145E-0004  2.832671E-0004  5.564794E-0004
  6.577463E-0004  0.000000E+0000  3.701311E-0004  3.468302E-0004  5.397347E-0004  8.240206E-0004  3.804500E-0004  1.273177E-0003  6.457125E-0004  7.210927E-0004  1.035257E-0003
  1.694211E-0004  3.701311E-0004  0.000000E+0000  1.083672E-0003  3.735673E-0004  9.352522E-0004  4.084435E-0004  1.207963E-0003  3.753850E-0004  1.448109E-0003  1.067340E-0003
  9.400327E-0005  3.468302E-0004  1.083672E-0003  0.000000E+0000  3.750638E-0005  7.609451E-0004  1.373243E-0003  3.949652E-0004  9.637901E-0004  1.036859E-0003  2.577420E-0003
  6.574952E-0004  5.397347E-0004  3.735673E-0004  3.750638E-0005  0.000000E+0000  5.147014E-0004  1.651227E-0004  1.446521E-0003  7.781485E-0004  1.651750E-0004  9.358473E-0004
  4.137154E-0004  8.240206E-0004  9.352522E-0004  7.609451E-0004  5.147014E-0004  0.000000E+0000  6.986445E-0004  1.702436E-0003  1.153233E-0003  6.088040E-0004  9.191911E-0004
  2.749841E-0004  3.804500E-0004  4.084435E-0004  1.373243E-0003  1.651227E-0004  6.986445E-0004  0.000000E+0000  1.128594E-0003  1.452481E-0003  1.790623E-0003  2.075653E-0003
  1.612669E-0003  1.273177E-0003  1.207963E-0003  3.949652E-0004  1.446521E-0003  1.702436E-0003  1.128594E-0003  0.000000E+0000  1.821453E-0003  8.588338E-0004  1.323020E-0003
  2.339145E-0004  6.457125E-0004  3.753850E-0004  9.637901E-0004  7.781485E-0004  1.153233E-0003  1.452481E-0003  1.821453E-0003  0.000000E+0000  1.694708E-0003  2.807596E-0003
  2.832671E-0004  7.210927E-0004  1.448109E-0003  1.036859E-0003  1.651750E-0004  6.088040E-0004  1.790623E-0003  8.588338E-0004  1.694708E-0003  0.000000E+0000  3.355547E-0003
  5.564794E-0004  1.035257E-0003  1.067340E-0003  2.577420E-0003  9.358473E-0004  9.191911E-0004  2.075653E-0003  1.323020E-0003  2.807596E-0003  3.355547E-0003  0.000000E+0000
