6661999 = Ignore first line (new format code)
File name: E:\Folders\PhD\ISAD\ISAD_Curry_data\ISAD_EEGs\eLORETA\EEGs_128Hz_200sec-window\Clinical_v_Healthy\T1_clinical_all\F44-ROIlinLagConn-crss.txt
1 = Number of time frames in Time X Frequency decomposition
3 = Number of EEG files
11 = Number Electrodes
25600 = Number of time frames in EEG files
32768 = Number of time frames in EEG files power of 2
7 = Number of matrices
5 = Band type (1=Classical1; 2=Classical2; 3=DiscreteFreqs; 4=AllDiscreteFreqs; 5=UserDefinedBands)
 1.280000E+0002 = Sampling rate Hz
-1.000000E+0002 = Freq1 Hz
-1.000000E+0002 = Freq2 Hz
 3.906250E-0003 = Frequency resolution Hz

  0.000000E+0000  7.854996E-0003  1.488624E-0001  8.287691E-0002  3.852659E-0002  4.647265E-0001  1.477073E-0001  1.204146E-0001  5.206141E-0002  1.889933E-0001  9.790096E-0002
  7.854996E-0003  0.000000E+0000  2.678097E-0002  4.461862E-0002  1.251648E-0002  4.686241E-0002  3.928814E-0002  1.456669E-0002  8.820874E-0003  4.089437E-0002  4.484442E-0002
  1.488624E-0001  2.678097E-0002  0.000000E+0000  8.312161E-0002  1.198793E-0001  7.211821E-0002  2.078202E-0002  1.100746E-0001  1.605845E-0001  7.477413E-0002  6.479540E-0002
  8.287691E-0002  4.461862E-0002  8.312161E-0002  0.000000E+0000  9.486654E-0002  1.335925E-0001  1.118008E-0001  1.033354E-0001  1.714922E-0001  1.055148E-0001  1.110113E-0001
  3.852659E-0002  1.251648E-0002  1.198793E-0001  9.486654E-0002  0.000000E+0000  1.939535E-0001  1.013933E-0001  6.145400E-0002  5.314483E-0002  1.334414E-0001  1.188793E-0001
  4.647265E-0001  4.686241E-0002  7.211821E-0002  1.335925E-0001  1.939535E-0001  0.000000E+0000  1.175151E-0001  2.520105E-0001  3.759710E-0001  1.787795E-0001  1.855716E-0001
  1.477073E-0001  3.928814E-0002  2.078202E-0002  1.118008E-0001  1.013933E-0001  1.175151E-0001  0.000000E+0000  7.632608E-0002  1.757666E-0001  6.738177E-0002  8.455844E-0002
  1.204146E-0001  1.456669E-0002  1.100746E-0001  1.033354E-0001  6.145400E-0002  2.520105E-0001  7.632608E-0002  0.000000E+0000  1.250369E-0001  1.166648E-0001  1.726221E-0001
  5.206141E-0002  8.820874E-0003  1.605845E-0001  1.714922E-0001  5.314483E-0002  3.759710E-0001  1.757666E-0001  1.250369E-0001  0.000000E+0000  1.721801E-0001  2.451683E-0001
  1.889933E-0001  4.089437E-0002  7.477413E-0002  1.055148E-0001  1.334414E-0001  1.787795E-0001  6.738177E-0002  1.166648E-0001  1.721801E-0001  0.000000E+0000  9.671447E-0002
  9.790096E-0002  4.484442E-0002  6.479540E-0002  1.110113E-0001  1.188793E-0001  1.855716E-0001  8.455844E-0002  1.726221E-0001  2.451683E-0001  9.671447E-0002  0.000000E+0000

  0.000000E+0000  3.446888E-0003  1.122591E-0002  6.032444E-0003  2.052823E-0002  1.643513E-0002  1.050188E-0002  1.810561E-0002  1.325764E-0002  1.784719E-0002  1.058258E-0001
  3.446888E-0003  0.000000E+0000  2.553923E-0003  7.502781E-0004  2.500480E-0003  2.070232E-0003  3.030780E-0003  7.728849E-0003  5.809385E-0003  1.931176E-0003  1.142186E-0002
  1.122591E-0002  2.553923E-0003  0.000000E+0000  1.847052E-0003  5.020296E-0003  2.267003E-0003  3.403683E-0003  7.155617E-0003  4.941677E-0003  3.306010E-0003  4.372340E-0003
  6.032444E-0003  7.502781E-0004  1.847052E-0003  0.000000E+0000  3.521367E-0003  1.579270E-0003  5.584307E-0003  2.440043E-0003  4.756012E-0003  5.454090E-0003  2.576043E-0002
  2.052823E-0002  2.500480E-0003  5.020296E-0003  3.521367E-0003  0.000000E+0000  2.310232E-0002  1.026315E-0002  8.775719E-0003  1.219515E-0002  1.175256E-0002  1.032894E-0002
  1.643513E-0002  2.070232E-0003  2.267003E-0003  1.579270E-0003  2.310232E-0002  0.000000E+0000  6.115871E-0003  1.202598E-0002  6.115930E-0003  4.217957E-0003  4.883258E-0002
  1.050188E-0002  3.030780E-0003  3.403683E-0003  5.584307E-0003  1.026315E-0002  6.115871E-0003  0.000000E+0000  7.821118E-0003  7.960547E-0003  1.152161E-0002  3.058651E-0002
  1.810561E-0002  7.728849E-0003  7.155617E-0003  2.440043E-0003  8.775719E-0003  1.202598E-0002  7.821118E-0003  0.000000E+0000  1.822191E-0002  7.267005E-0003  2.379655E-0002
  1.325764E-0002  5.809385E-0003  4.941677E-0003  4.756012E-0003  1.219515E-0002  6.115930E-0003  7.960547E-0003  1.822191E-0002  0.000000E+0000  1.367691E-0002  9.033676E-0002
  1.784719E-0002  1.931176E-0003  3.306010E-0003  5.454090E-0003  1.175256E-0002  4.217957E-0003  1.152161E-0002  7.267005E-0003  1.367691E-0002  0.000000E+0000  5.884517E-0002
  1.058258E-0001  1.142186E-0002  4.372340E-0003  2.576043E-0002  1.032894E-0002  4.883258E-0002  3.058651E-0002  2.379655E-0002  9.033676E-0002  5.884517E-0002  0.000000E+0000

  0.000000E+0000  1.658959E-0003  9.888303E-0004  6.866416E-0004  1.414075E-0003  4.622616E-0003  1.535362E-0003  2.702466E-0003  1.278504E-0003  1.750501E-0003  1.597530E-0003
  1.658959E-0003  0.000000E+0000  5.128222E-0004  1.112711E-0003  4.370145E-0003  4.201967E-0003  2.088798E-0003  3.590584E-0003  1.186232E-0003  1.265084E-0003  4.203894E-0003
  9.888303E-0004  5.128222E-0004  0.000000E+0000  5.671104E-0004  1.822695E-0003  2.707724E-0004  4.790494E-0004  1.004611E-0003  1.638413E-0003  7.331460E-0004  1.110947E-0003
  6.866416E-0004  1.112711E-0003  5.671104E-0004  0.000000E+0000  1.416625E-0003  1.915308E-0003  2.673276E-0004  9.931423E-0004  6.025388E-0004  2.654050E-0003  1.172767E-0003
  1.414075E-0003  4.370145E-0003  1.822695E-0003  1.416625E-0003  0.000000E+0000  4.341710E-0003  2.701767E-0003  7.051618E-0003  3.146810E-0003  2.197917E-0003  3.128285E-0003
  4.622616E-0003  4.201967E-0003  2.707724E-0004  1.915308E-0003  4.341710E-0003  0.000000E+0000  8.327258E-0004  7.592492E-0003  2.827145E-0003  2.839271E-0003  2.782343E-0003
  1.535362E-0003  2.088798E-0003  4.790494E-0004  2.673276E-0004  2.701767E-0003  8.327258E-0004  0.000000E+0000  2.798088E-0003  8.929329E-0004  9.314592E-0004  5.056996E-0004
  2.702466E-0003  3.590584E-0003  1.004611E-0003  9.931423E-0004  7.051618E-0003  7.592492E-0003  2.798088E-0003  0.000000E+0000  2.425309E-0003  2.205033E-0003  3.787515E-0003
  1.278504E-0003  1.186232E-0003  1.638413E-0003  6.025388E-0004  3.146810E-0003  2.827145E-0003  8.929329E-0004  2.425309E-0003  0.000000E+0000  1.218258E-0003  9.278599E-0004
  1.750501E-0003  1.265084E-0003  7.331460E-0004  2.654050E-0003  2.197917E-0003  2.839271E-0003  9.314592E-0004  2.205033E-0003  1.218258E-0003  0.000000E+0000  3.492037E-0003
  1.597530E-0003  4.203894E-0003  1.110947E-0003  1.172767E-0003  3.128285E-0003  2.782343E-0003  5.056996E-0004  3.787515E-0003  9.278599E-0004  3.492037E-0003  0.000000E+0000

  0.000000E+0000  5.607237E-0003  1.090459E-0003  6.849781E-0004  2.604856E-0002  3.288532E-0003  6.656370E-0004  6.127828E-0003  1.534903E-0002  3.194781E-0003  4.602842E-0003
  5.607237E-0003  0.000000E+0000  2.073701E-0003  3.178984E-0003  5.210422E-0003  6.016215E-0003  8.967200E-0004  4.252233E-0003  1.668393E-0003  3.115095E-0003  1.669805E-0003
  1.090459E-0003  2.073701E-0003  0.000000E+0000  2.465518E-0004  2.263753E-0003  4.250942E-0004  1.262877E-0004  2.407805E-0003  2.635645E-0003  7.865881E-0004  1.288643E-0003
  6.849781E-0004  3.178984E-0003  2.465518E-0004  0.000000E+0000  1.257451E-0003  5.668242E-0004  6.890353E-0004  2.112567E-0003  1.388508E-0003  7.133561E-0004  9.458294E-0004
  2.604856E-0002  5.210422E-0003  2.263753E-0003  1.257451E-0003  0.000000E+0000  7.074633E-0003  1.664907E-0003  1.550164E-0002  1.353047E-0002  6.908465E-0003  7.018785E-0003
  3.288532E-0003  6.016215E-0003  4.250942E-0004  5.668242E-0004  7.074633E-0003  0.000000E+0000  7.835268E-0004  2.911608E-0003  2.553829E-0003  8.037615E-0004  8.493061E-0004
  6.656370E-0004  8.967200E-0004  1.262877E-0004  6.890353E-0004  1.664907E-0003  7.835268E-0004  0.000000E+0000  7.021574E-0004  1.846907E-0003  8.270754E-0004  9.575425E-0004
  6.127828E-0003  4.252233E-0003  2.407805E-0003  2.112567E-0003  1.550164E-0002  2.911608E-0003  7.021574E-0004  0.000000E+0000  2.385211E-0003  2.260695E-0003  2.525478E-0003
  1.534903E-0002  1.668393E-0003  2.635645E-0003  1.388508E-0003  1.353047E-0002  2.553829E-0003  1.846907E-0003  2.385211E-0003  0.000000E+0000  1.895139E-0003  8.022076E-0003
  3.194781E-0003  3.115095E-0003  7.865881E-0004  7.133561E-0004  6.908465E-0003  8.037615E-0004  8.270754E-0004  2.260695E-0003  1.895139E-0003  0.000000E+0000  1.342421E-0003
  4.602842E-0003  1.669805E-0003  1.288643E-0003  9.458294E-0004  7.018785E-0003  8.493061E-0004  9.575425E-0004  2.525478E-0003  8.022076E-0003  1.342421E-0003  0.000000E+0000

  0.000000E+0000  1.655857E-0002  9.631650E-0003  4.580310E-0002  1.701854E-0002  5.826002E-0002  2.723553E-0002  2.288318E-0002  3.455045E-0002  4.620928E-0002  2.797035E-0002
  1.655857E-0002  0.000000E+0000  5.047440E-0003  1.548547E-0002  1.956227E-0002  1.813473E-0002  1.660819E-0002  2.179283E-0002  1.159512E-0002  1.864892E-0002  1.260526E-0002
  9.631650E-0003  5.047440E-0003  0.000000E+0000  1.413011E-0002  1.020314E-0002  2.171989E-0002  1.393205E-0002  9.275681E-0003  5.256160E-0003  2.186862E-0002  1.603460E-0002
  4.580310E-0002  1.548547E-0002  1.413011E-0002  0.000000E+0000  3.592670E-0002  8.275750E-0002  5.066533E-0002  4.591192E-0002  6.086488E-0002  4.618267E-0002  3.816404E-0002
  1.701854E-0002  1.956227E-0002  1.020314E-0002  3.592670E-0002  0.000000E+0000  4.288209E-0002  1.908958E-0002  5.012255E-0002  4.293235E-0002  2.696269E-0002  2.026581E-0002
  5.826002E-0002  1.813473E-0002  2.171989E-0002  8.275750E-0002  4.288209E-0002  0.000000E+0000  7.827628E-0002  5.501179E-0002  8.099160E-0002  1.143027E-0001  8.146538E-0002
  2.723553E-0002  1.660819E-0002  1.393205E-0002  5.066533E-0002  1.908958E-0002  7.827628E-0002  0.000000E+0000  2.987397E-0002  3.698958E-0002  7.320572E-0002  3.833753E-0002
  2.288318E-0002  2.179283E-0002  9.275681E-0003  4.591192E-0002  5.012255E-0002  5.501179E-0002  2.987397E-0002  0.000000E+0000  1.049680E-0002  7.116673E-0002  3.911837E-0002
  3.455045E-0002  1.159512E-0002  5.256160E-0003  6.086488E-0002  4.293235E-0002  8.099160E-0002  3.698958E-0002  1.049680E-0002  0.000000E+0000  6.820830E-0002  6.338795E-0002
  4.620928E-0002  1.864892E-0002  2.186862E-0002  4.618267E-0002  2.696269E-0002  1.143027E-0001  7.320572E-0002  7.116673E-0002  6.820830E-0002  0.000000E+0000  5.147430E-0002
  2.797035E-0002  1.260526E-0002  1.603460E-0002  3.816404E-0002  2.026581E-0002  8.146538E-0002  3.833753E-0002  3.911837E-0002  6.338795E-0002  5.147430E-0002  0.000000E+0000

  0.000000E+0000  1.746578E-0003  2.216454E-0004  3.558740E-0004  1.760843E-0003  3.664907E-0003  3.988112E-0004  2.194850E-0003  1.644513E-0003  5.255018E-0004  1.677992E-0004
  1.746578E-0003  0.000000E+0000  1.514269E-0004  5.011728E-0004  2.212978E-0003  2.422637E-0003  1.376475E-0003  1.230586E-0003  1.390076E-0003  1.267531E-0003  1.176296E-0003
  2.216454E-0004  1.514269E-0004  0.000000E+0000  3.330241E-0004  2.088507E-0004  5.993953E-0004  6.160399E-0004  3.043548E-0004  4.589483E-0004  5.679564E-0004  5.075267E-0004
  3.558740E-0004  5.011728E-0004  3.330241E-0004  0.000000E+0000  1.403095E-0003  1.631516E-0003  1.573499E-0003  9.441031E-0004  2.241665E-0003  1.456876E-0003  7.019323E-0004
  1.760843E-0003  2.212978E-0003  2.088507E-0004  1.403095E-0003  0.000000E+0000  2.977617E-0003  1.105070E-0003  3.859319E-0003  3.093595E-0003  1.328040E-0003  1.613499E-0003
  3.664907E-0003  2.422637E-0003  5.993953E-0004  1.631516E-0003  2.977617E-0003  0.000000E+0000  1.812559E-0003  7.506277E-0003  7.932642E-0003  1.774922E-0003  1.625007E-0003
  3.988112E-0004  1.376475E-0003  6.160399E-0004  1.573499E-0003  1.105070E-0003  1.812559E-0003  0.000000E+0000  1.137689E-0003  8.681827E-0004  1.524777E-0003  9.915647E-0004
  2.194850E-0003  1.230586E-0003  3.043548E-0004  9.441031E-0004  3.859319E-0003  7.506277E-0003  1.137689E-0003  0.000000E+0000  2.049156E-0003  2.674131E-0003  1.459668E-0003
  1.644513E-0003  1.390076E-0003  4.589483E-0004  2.241665E-0003  3.093595E-0003  7.932642E-0003  8.681827E-0004  2.049156E-0003  0.000000E+0000  1.468253E-0003  1.745413E-0003
  5.255018E-0004  1.267531E-0003  5.679564E-0004  1.456876E-0003  1.328040E-0003  1.774922E-0003  1.524777E-0003  2.674131E-0003  1.468253E-0003  0.000000E+0000  1.088450E-0003
  1.677992E-0004  1.176296E-0003  5.075267E-0004  7.019323E-0004  1.613499E-0003  1.625007E-0003  9.915647E-0004  1.459668E-0003  1.745413E-0003  1.088450E-0003  0.000000E+0000

  0.000000E+0000  3.052645E-0004  4.934027E-0004  2.740876E-0004  1.599235E-0003  1.429460E-0003  5.953460E-0004  2.202114E-0003  1.570186E-0003  8.541295E-0004  9.889737E-0004
  3.052645E-0004  0.000000E+0000  5.796158E-0005  2.860209E-0004  6.734080E-0004  7.846165E-0004  4.563568E-0005  5.733791E-0004  1.837437E-0004  1.792480E-0004  1.479638E-0004
  4.934027E-0004  5.796158E-0005  0.000000E+0000  6.572669E-0005  7.931791E-0004  1.160015E-0004  1.017848E-0004  6.942815E-0004  4.165492E-0004  1.370808E-0004  3.860678E-0004
  2.740876E-0004  2.860209E-0004  6.572669E-0005  0.000000E+0000  1.040612E-0004  2.146991E-0003  4.431729E-0004  1.001316E-0003  1.439031E-0004  2.439218E-0003  1.064222E-0003
  1.599235E-0003  6.734080E-0004  7.931791E-0004  1.040612E-0004  0.000000E+0000  6.779597E-0004  1.351449E-0004  5.603531E-0003  1.495404E-0003  1.571888E-0004  2.199651E-0004
  1.429460E-0003  7.846165E-0004  1.160015E-0004  2.146991E-0003  6.779597E-0004  0.000000E+0000  1.221305E-0003  5.554923E-0003  2.756588E-0004  3.012590E-0003  2.625995E-0003
  5.953460E-0004  4.563568E-0005  1.017848E-0004  4.431729E-0004  1.351449E-0004  1.221305E-0003  0.000000E+0000  6.622201E-0004  1.066570E-0004  8.918036E-0004  3.497607E-0004
  2.202114E-0003  5.733791E-0004  6.942815E-0004  1.001316E-0003  5.603531E-0003  5.554923E-0003  6.622201E-0004  0.000000E+0000  2.611816E-0003  1.151710E-0003  6.393975E-0004
  1.570186E-0003  1.837437E-0004  4.165492E-0004  1.439031E-0004  1.495404E-0003  2.756588E-0004  1.066570E-0004  2.611816E-0003  0.000000E+0000  1.493287E-0004  3.208978E-0004
  8.541295E-0004  1.792480E-0004  1.370808E-0004  2.439218E-0003  1.571888E-0004  3.012590E-0003  8.918036E-0004  1.151710E-0003  1.493287E-0004  0.000000E+0000  1.487038E-0003
  9.889737E-0004  1.479638E-0004  3.860678E-0004  1.064222E-0003  2.199651E-0004  2.625995E-0003  3.497607E-0004  6.393975E-0004  3.208978E-0004  1.487038E-0003  0.000000E+0000
