6661999 = Ignore first line (new format code)
File name: E:\Folders\PhD\ISAD\ISAD_Curry_data\ISAD_EEGs\eLORETA\EEGs_128Hz_200sec-window\Clinical_v_Healthy\T1_clinical_all\F54-ROIlinLagConn-crss.txt
1 = Number of time frames in Time X Frequency decomposition
3 = Number of EEG files
11 = Number Electrodes
25600 = Number of time frames in EEG files
32768 = Number of time frames in EEG files power of 2
7 = Number of matrices
5 = Band type (1=Classical1; 2=Classical2; 3=DiscreteFreqs; 4=AllDiscreteFreqs; 5=UserDefinedBands)
 1.280000E+0002 = Sampling rate Hz
-1.000000E+0002 = Freq1 Hz
-1.000000E+0002 = Freq2 Hz
 3.906250E-0003 = Frequency resolution Hz

  0.000000E+0000  4.904488E-0002  3.949945E-0002  9.243423E-0003  7.100498E-0002  4.393916E-0002  3.529439E-0002  4.983275E-0002  2.744401E-0002  1.503722E-0002  5.741162E-0002
  4.904488E-0002  0.000000E+0000  2.534597E-0002  9.353315E-0003  5.349642E-0002  3.770278E-0002  2.204458E-0002  9.389031E-0002  4.624762E-0002  1.372471E-0002  3.362332E-0002
  3.949945E-0002  2.534597E-0002  0.000000E+0000  1.052731E-0002  6.280985E-0002  1.830611E-0002  2.948761E-0002  7.336406E-0002  3.809508E-0002  1.392870E-0002  1.221890E-0002
  9.243423E-0003  9.353315E-0003  1.052731E-0002  0.000000E+0000  2.499735E-0002  1.753131E-0002  6.875854E-0002  8.644099E-0003  2.062832E-0002  3.956250E-0002  5.434960E-0002
  7.100498E-0002  5.349642E-0002  6.280985E-0002  2.499735E-0002  0.000000E+0000  3.654451E-0002  3.639518E-0002  1.507975E-0001  6.532623E-0002  1.957072E-0002  3.288586E-0002
  4.393916E-0002  3.770278E-0002  1.830611E-0002  1.753131E-0002  3.654451E-0002  0.000000E+0000  3.291747E-0002  1.078246E-0001  3.122159E-0002  1.335925E-0002  4.470621E-0002
  3.529439E-0002  2.204458E-0002  2.948761E-0002  6.875854E-0002  3.639518E-0002  3.291747E-0002  0.000000E+0000  5.654781E-0002  2.745644E-0002  5.168847E-0002  2.389951E-0002
  4.983275E-0002  9.389031E-0002  7.336406E-0002  8.644099E-0003  1.507975E-0001  1.078246E-0001  5.654781E-0002  0.000000E+0000  5.634905E-0002  2.850847E-0002  9.726799E-0002
  2.744401E-0002  4.624762E-0002  3.809508E-0002  2.062832E-0002  6.532623E-0002  3.122159E-0002  2.745644E-0002  5.634905E-0002  0.000000E+0000  1.461927E-0002  2.609215E-0002
  1.503722E-0002  1.372471E-0002  1.392870E-0002  3.956250E-0002  1.957072E-0002  1.335925E-0002  5.168847E-0002  2.850847E-0002  1.461927E-0002  0.000000E+0000  4.574484E-0002
  5.741162E-0002  3.362332E-0002  1.221890E-0002  5.434960E-0002  3.288586E-0002  4.470621E-0002  2.389951E-0002  9.726799E-0002  2.609215E-0002  4.574484E-0002  0.000000E+0000

  0.000000E+0000  1.424954E-0002  7.652823E-0003  4.738608E-0003  1.988222E-0002  2.434631E-0002  7.059174E-0004  8.911680E-0003  1.771984E-0002  1.796242E-0002  1.449460E-0002
  1.424954E-0002  0.000000E+0000  5.007676E-0003  3.606433E-0003  1.282236E-0002  2.638443E-0002  1.138324E-0003  2.263438E-0002  1.540682E-0002  2.105032E-0002  1.326671E-0002
  7.652823E-0003  5.007676E-0003  0.000000E+0000  9.661030E-0004  9.238916E-0003  1.261383E-0002  1.295063E-0004  1.958654E-0002  1.101186E-0002  1.134061E-0002  2.189707E-0003
  4.738608E-0003  3.606433E-0003  9.661030E-0004  0.000000E+0000  3.186883E-0003  4.994376E-0003  3.729669E-0004  7.103994E-0003  3.565302E-0003  8.350148E-0003  1.174045E-0003
  1.988222E-0002  1.282236E-0002  9.238916E-0003  3.186883E-0003  0.000000E+0000  2.976425E-0002  5.774275E-0004  4.286631E-0002  2.939299E-0002  2.892517E-0002  9.721578E-0003
  2.434631E-0002  2.638443E-0002  1.261383E-0002  4.994376E-0003  2.976425E-0002  0.000000E+0000  8.748079E-0004  3.777972E-0002  1.441127E-0002  9.209098E-0003  1.489112E-0002
  7.059174E-0004  1.138324E-0003  1.295063E-0004  3.729669E-0004  5.774275E-0004  8.748079E-0004  0.000000E+0000  1.090267E-0003  3.984001E-0004  3.592524E-0004  1.284496E-0003
  8.911680E-0003  2.263438E-0002  1.958654E-0002  7.103994E-0003  4.286631E-0002  3.777972E-0002  1.090267E-0003  0.000000E+0000  2.131914E-0002  1.641812E-0002  1.820676E-0002
  1.771984E-0002  1.540682E-0002  1.101186E-0002  3.565302E-0003  2.939299E-0002  1.441127E-0002  3.984001E-0004  2.131914E-0002  0.000000E+0000  1.018706E-0002  1.003451E-0002
  1.796242E-0002  2.105032E-0002  1.134061E-0002  8.350148E-0003  2.892517E-0002  9.209098E-0003  3.592524E-0004  1.641812E-0002  1.018706E-0002  0.000000E+0000  1.361044E-0002
  1.449460E-0002  1.326671E-0002  2.189707E-0003  1.174045E-0003  9.721578E-0003  1.489112E-0002  1.284496E-0003  1.820676E-0002  1.003451E-0002  1.361044E-0002  0.000000E+0000

  0.000000E+0000  1.450718E-0003  2.886615E-0003  2.223342E-0003  7.290057E-0003  9.562803E-0003  5.165464E-0003  9.059038E-0004  6.037878E-0003  7.108422E-0003  1.325423E-0002
  1.450718E-0003  0.000000E+0000  6.426715E-0004  1.985739E-0003  2.635340E-0003  2.526955E-0003  5.992902E-0003  4.713866E-0004  1.627520E-0003  3.757989E-0003  6.662236E-0003
  2.886615E-0003  6.426715E-0004  0.000000E+0000  2.187568E-0003  3.116492E-0003  3.557716E-0003  2.212681E-0003  1.318972E-0003  3.376195E-0003  3.882295E-0003  3.150751E-0003
  2.223342E-0003  1.985739E-0003  2.187568E-0003  0.000000E+0000  4.204601E-0003  4.269753E-0003  2.533161E-0004  2.663953E-0003  3.739984E-0003  7.518129E-0004  4.605456E-0003
  7.290057E-0003  2.635340E-0003  3.116492E-0003  4.204601E-0003  0.000000E+0000  8.482758E-0003  6.540635E-0003  1.518109E-0003  6.305950E-0003  6.814857E-0003  9.779031E-0003
  9.562803E-0003  2.526955E-0003  3.557716E-0003  4.269753E-0003  8.482758E-0003  0.000000E+0000  1.334823E-0002  3.475730E-0003  8.097926E-0003  8.739248E-0003  1.524905E-0002
  5.165464E-0003  5.992902E-0003  2.212681E-0003  2.533161E-0004  6.540635E-0003  1.334823E-0002  0.000000E+0000  4.437438E-0003  7.601791E-0003  1.836382E-0003  9.013585E-0003
  9.059038E-0004  4.713866E-0004  1.318972E-0003  2.663953E-0003  1.518109E-0003  3.475730E-0003  4.437438E-0003  0.000000E+0000  1.707493E-0003  3.936200E-0003  3.912848E-0003
  6.037878E-0003  1.627520E-0003  3.376195E-0003  3.739984E-0003  6.305950E-0003  8.097926E-0003  7.601791E-0003  1.707493E-0003  0.000000E+0000  7.679111E-0003  1.070389E-0002
  7.108422E-0003  3.757989E-0003  3.882295E-0003  7.518129E-0004  6.814857E-0003  8.739248E-0003  1.836382E-0003  3.936200E-0003  7.679111E-0003  0.000000E+0000  1.177638E-0002
  1.325423E-0002  6.662236E-0003  3.150751E-0003  4.605456E-0003  9.779031E-0003  1.524905E-0002  9.013585E-0003  3.912848E-0003  1.070389E-0002  1.177638E-0002  0.000000E+0000

  0.000000E+0000  5.879565E-0003  3.267160E-0003  5.891471E-0003  3.653802E-0003  3.862231E-0003  2.281827E-0003  8.963297E-0003  1.790385E-0003  9.532317E-0003  2.942138E-0003
  5.879565E-0003  0.000000E+0000  2.815804E-0003  5.053823E-0003  9.071917E-0003  6.167983E-0003  2.874454E-0003  1.156904E-0002  2.812418E-0003  8.857071E-0003  5.368606E-0003
  3.267160E-0003  2.815804E-0003  0.000000E+0000  6.797026E-0003  2.229073E-0003  4.425081E-0003  5.474081E-0003  1.131975E-0003  2.260505E-0003  9.655898E-0003  8.435909E-0003
  5.891471E-0003  5.053823E-0003  6.797026E-0003  0.000000E+0000  9.086144E-0003  4.873942E-0003  3.638972E-0003  1.732474E-0002  4.413850E-0003  1.204447E-0002  8.005778E-0003
  3.653802E-0003  9.071917E-0003  2.229073E-0003  9.086144E-0003  0.000000E+0000  9.019915E-0003  5.322719E-0003  1.462488E-0002  3.423920E-0003  1.262010E-0002  7.030895E-0003
  3.862231E-0003  6.167983E-0003  4.425081E-0003  4.873942E-0003  9.019915E-0003  0.000000E+0000  4.235780E-0003  1.186070E-0002  2.089555E-0003  1.066084E-0002  8.298882E-0003
  2.281827E-0003  2.874454E-0003  5.474081E-0003  3.638972E-0003  5.322719E-0003  4.235780E-0003  0.000000E+0000  6.014765E-0003  5.175170E-0003  4.240808E-0003  4.117649E-0003
  8.963297E-0003  1.156904E-0002  1.131975E-0003  1.732474E-0002  1.462488E-0002  1.186070E-0002  6.014765E-0003  0.000000E+0000  8.596873E-0003  2.009515E-0002  1.012757E-0002
  1.790385E-0003  2.812418E-0003  2.260505E-0003  4.413850E-0003  3.423920E-0003  2.089555E-0003  5.175170E-0003  8.596873E-0003  0.000000E+0000  6.073713E-0003  4.747029E-0003
  9.532317E-0003  8.857071E-0003  9.655898E-0003  1.204447E-0002  1.262010E-0002  1.066084E-0002  4.240808E-0003  2.009515E-0002  6.073713E-0003  0.000000E+0000  7.429244E-0003
  2.942138E-0003  5.368606E-0003  8.435909E-0003  8.005778E-0003  7.030895E-0003  8.298882E-0003  4.117649E-0003  1.012757E-0002  4.747029E-0003  7.429244E-0003  0.000000E+0000

  0.000000E+0000  3.463171E-0002  4.231724E-0002  4.887151E-0002  6.964183E-0002  9.271997E-0002  2.089991E-0002  5.380046E-0002  5.556963E-0002  8.764713E-0002  7.234709E-0002
  3.463171E-0002  0.000000E+0000  2.422109E-0002  5.719194E-0002  4.529380E-0002  4.031023E-0002  3.018932E-0002  3.402625E-0002  3.391931E-0002  7.147134E-0002  5.856227E-0002
  4.231724E-0002  2.422109E-0002  0.000000E+0000  4.233006E-0002  6.655444E-0002  2.500281E-0002  1.781779E-0002  6.929201E-0002  7.881052E-0002  6.838835E-0002  3.705680E-0002
  4.887151E-0002  5.719194E-0002  4.233006E-0002  0.000000E+0000  1.186279E-0001  1.615204E-0001  1.211929E-0003  1.032426E-0001  1.486586E-0001  1.794192E-0001  6.283022E-0002
  6.964183E-0002  4.529380E-0002  6.655444E-0002  1.186279E-0001  0.000000E+0000  1.437581E-0001  5.540777E-0002  1.229139E-0001  1.198911E-0001  2.082512E-0001  1.129744E-0001
  9.271997E-0002  4.031023E-0002  2.500281E-0002  1.615204E-0001  1.437581E-0001  0.000000E+0000  4.086353E-0002  1.361393E-0001  1.703595E-0001  2.523169E-0001  9.374975E-0002
  2.089991E-0002  3.018932E-0002  1.781779E-0002  1.211929E-0003  5.540777E-0002  4.086353E-0002  0.000000E+0000  3.405234E-0002  7.545313E-0002  2.082460E-0002  1.961301E-0002
  5.380046E-0002  3.402625E-0002  6.929201E-0002  1.032426E-0001  1.229139E-0001  1.361393E-0001  3.405234E-0002  0.000000E+0000  1.074259E-0001  1.370268E-0001  1.297528E-0001
  5.556963E-0002  3.391931E-0002  7.881052E-0002  1.486586E-0001  1.198911E-0001  1.703595E-0001  7.545313E-0002  1.074259E-0001  0.000000E+0000  1.729994E-0001  1.438021E-0001
  8.764713E-0002  7.147134E-0002  6.838835E-0002  1.794192E-0001  2.082512E-0001  2.523169E-0001  2.082460E-0002  1.370268E-0001  1.729994E-0001  0.000000E+0000  1.706108E-0001
  7.234709E-0002  5.856227E-0002  3.705680E-0002  6.283022E-0002  1.129744E-0001  9.374975E-0002  1.961301E-0002  1.297528E-0001  1.438021E-0001  1.706108E-0001  0.000000E+0000

  0.000000E+0000  2.068381E-0003  6.267271E-0003  2.111283E-0002  7.167871E-0003  2.660382E-0002  1.839068E-0002  9.366699E-0003  7.917334E-0003  2.726055E-0002  2.431617E-0002
  2.068381E-0003  0.000000E+0000  3.347492E-0004  3.460033E-0003  3.084844E-0003  4.277188E-0003  7.227924E-0003  1.478587E-0003  2.105585E-0003  4.666229E-0003  7.996448E-0003
  6.267271E-0003  3.347492E-0004  0.000000E+0000  4.091161E-0003  7.144747E-0003  5.574068E-0003  9.078285E-0003  4.241834E-0003  3.885735E-0003  5.892969E-0003  7.931788E-0003
  2.111283E-0002  3.460033E-0003  4.091161E-0003  0.000000E+0000  2.712087E-0002  4.447054E-0002  4.316340E-0002  1.588376E-0002  1.501003E-0002  4.828785E-0002  5.074162E-0002
  7.167871E-0003  3.084844E-0003  7.144747E-0003  2.712087E-0002  0.000000E+0000  3.458898E-0002  2.408915E-0002  1.653699E-0002  7.185414E-0003  3.487590E-0002  3.396716E-0002
  2.660382E-0002  4.277188E-0003  5.574068E-0003  4.447054E-0002  3.458898E-0002  0.000000E+0000  4.533487E-0002  2.183104E-0002  1.852457E-0002  2.626018E-0002  3.504552E-0002
  1.839068E-0002  7.227924E-0003  9.078285E-0003  4.316340E-0002  2.408915E-0002  4.533487E-0002  0.000000E+0000  2.614886E-0002  1.035515E-0002  4.732965E-0002  4.450265E-0002
  9.366699E-0003  1.478587E-0003  4.241834E-0003  1.588376E-0002  1.653699E-0002  2.183104E-0002  2.614886E-0002  0.000000E+0000  8.455106E-0003  2.199314E-0002  3.056818E-0002
  7.917334E-0003  2.105585E-0003  3.885735E-0003  1.501003E-0002  7.185414E-0003  1.852457E-0002  1.035515E-0002  8.455106E-0003  0.000000E+0000  1.834925E-0002  1.665355E-0002
  2.726055E-0002  4.666229E-0003  5.892969E-0003  4.828785E-0002  3.487590E-0002  2.626018E-0002  4.732965E-0002  2.199314E-0002  1.834925E-0002  0.000000E+0000  5.164150E-0002
  2.431617E-0002  7.996448E-0003  7.931788E-0003  5.074162E-0002  3.396716E-0002  3.504552E-0002  4.450265E-0002  3.056818E-0002  1.665355E-0002  5.164150E-0002  0.000000E+0000

  0.000000E+0000  1.911124E-0003  9.849594E-0004  1.476180E-0003  3.113782E-0003  3.956007E-0003  4.164260E-0003  4.791576E-0003  3.537518E-0003  4.362598E-0003  4.166869E-0003
  1.911124E-0003  0.000000E+0000  6.217645E-0004  6.451919E-0004  3.398963E-0003  1.744137E-0003  7.382514E-0004  3.813633E-0003  2.893054E-0003  8.581025E-0004  2.056595E-0003
  9.849594E-0004  6.217645E-0004  0.000000E+0000  7.645103E-0005  8.942832E-0004  1.114593E-0003  2.100566E-0004  1.803478E-0003  6.815204E-0004  9.549756E-0004  1.864593E-0003
  1.476180E-0003  6.451919E-0004  7.645103E-0005  0.000000E+0000  1.248531E-0003  2.750072E-0003  4.868531E-0004  2.650101E-0003  1.190573E-0003  2.878521E-0003  9.637336E-0004
  3.113782E-0003  3.398963E-0003  8.942832E-0004  1.248531E-0003  0.000000E+0000  6.035708E-0003  5.633324E-0003  9.634572E-0003  4.853484E-0003  6.011185E-0003  5.413963E-0003
  3.956007E-0003  1.744137E-0003  1.114593E-0003  2.750072E-0003  6.035708E-0003  0.000000E+0000  1.931103E-0003  5.478320E-0003  3.849854E-0003  2.180951E-0003  2.982134E-0003
  4.164260E-0003  7.382514E-0004  2.100566E-0004  4.868531E-0004  5.633324E-0003  1.931103E-0003  0.000000E+0000  4.824097E-0003  4.203148E-0003  2.025677E-0003  4.482856E-0003
  4.791576E-0003  3.813633E-0003  1.803478E-0003  2.650101E-0003  9.634572E-0003  5.478320E-0003  4.824097E-0003  0.000000E+0000  4.907263E-0003  4.503886E-0003  4.826964E-0003
  3.537518E-0003  2.893054E-0003  6.815204E-0004  1.190573E-0003  4.853484E-0003  3.849854E-0003  4.203148E-0003  4.907263E-0003  0.000000E+0000  4.400640E-0003  4.248846E-0003
  4.362598E-0003  8.581025E-0004  9.549756E-0004  2.878521E-0003  6.011185E-0003  2.180951E-0003  2.025677E-0003  4.503886E-0003  4.400640E-0003  0.000000E+0000  2.240666E-0003
  4.166869E-0003  2.056595E-0003  1.864593E-0003  9.637336E-0004  5.413963E-0003  2.982134E-0003  4.482856E-0003  4.826964E-0003  4.248846E-0003  2.240666E-0003  0.000000E+0000
