6661999 = Ignore first line (new format code)
File name: E:\Folders\PhD\ISAD\ISAD_Curry_data\ISAD_EEGs\eLORETA\EEGs_128Hz_200sec-window\Clinical_v_Healthy\T1_clinical_all\F72-ROIlinLagConn-crss.txt
1 = Number of time frames in Time X Frequency decomposition
2 = Number of EEG files
11 = Number Electrodes
25600 = Number of time frames in EEG files
32768 = Number of time frames in EEG files power of 2
7 = Number of matrices
5 = Band type (1=Classical1; 2=Classical2; 3=DiscreteFreqs; 4=AllDiscreteFreqs; 5=UserDefinedBands)
 1.280000E+0002 = Sampling rate Hz
-1.000000E+0002 = Freq1 Hz
-1.000000E+0002 = Freq2 Hz
 3.906250E-0003 = Frequency resolution Hz

  0.000000E+0000  4.302672E-0002  1.503922E-0002  1.569995E-0001  2.162326E-0002  9.443875E-0002  3.730498E-0002  7.011035E-0002  1.170413E-0002  1.443974E-0001  7.702024E-0002
  4.302672E-0002  0.000000E+0000  2.844628E-0002  1.913760E-0001  1.035779E-0001  1.415666E-0001  8.112258E-0002  1.050880E-0001  1.888196E-0002  1.684781E-0001  9.664078E-0002
  1.503922E-0002  2.844628E-0002  0.000000E+0000  9.096017E-0002  3.310104E-0002  5.536526E-0002  3.152566E-0002  4.557263E-0002  8.393683E-0003  7.611699E-0002  4.448060E-0002
  1.569995E-0001  1.913760E-0001  9.096017E-0002  0.000000E+0000  3.353238E-0001  2.586252E-0001  8.836370E-0002  5.623576E-0002  1.845976E-0002  2.468905E-0001  2.779111E-0001
  2.162326E-0002  1.035779E-0001  3.310104E-0002  3.353238E-0001  0.000000E+0000  2.036140E-0001  8.005767E-0002  6.380743E-0002  1.392621E-0002  2.772960E-0001  1.685533E-0001
  9.443875E-0002  1.415666E-0001  5.536526E-0002  2.586252E-0001  2.036140E-0001  0.000000E+0000  1.618342E-0001  1.832936E-0001  3.899337E-0002  2.423279E-0001  2.446769E-0001
  3.730498E-0002  8.112258E-0002  3.152566E-0002  8.836370E-0002  8.005767E-0002  1.618342E-0001  0.000000E+0000  6.184467E-0002  7.707499E-0003  8.744884E-0002  1.532715E-0001
  7.011035E-0002  1.050880E-0001  4.557263E-0002  5.623576E-0002  6.380743E-0002  1.832936E-0001  6.184467E-0002  0.000000E+0000  8.251081E-0003  6.097643E-0002  1.878895E-0001
  1.170413E-0002  1.888196E-0002  8.393683E-0003  1.845976E-0002  1.392621E-0002  3.899337E-0002  7.707499E-0003  8.251081E-0003  0.000000E+0000  1.524044E-0002  3.566249E-0002
  1.443974E-0001  1.684781E-0001  7.611699E-0002  2.468905E-0001  2.772960E-0001  2.423279E-0001  8.744884E-0002  6.097643E-0002  1.524044E-0002  0.000000E+0000  2.507165E-0001
  7.702024E-0002  9.664078E-0002  4.448060E-0002  2.779111E-0001  1.685533E-0001  2.446769E-0001  1.532715E-0001  1.878895E-0001  3.566249E-0002  2.507165E-0001  0.000000E+0000

  0.000000E+0000  4.086083E-0003  1.199360E-0003  4.388815E-0003  3.165104E-0003  1.742892E-0002  3.445132E-0003  5.994732E-0003  4.085391E-0003  6.907827E-0003  1.221443E-0002
  4.086083E-0003  0.000000E+0000  1.471782E-0003  1.357113E-0002  5.585749E-0003  1.661319E-0002  8.935074E-0003  5.810005E-0003  3.836888E-0003  4.848868E-0003  1.560123E-0002
  1.199360E-0003  1.471782E-0003  0.000000E+0000  4.658420E-0003  9.701067E-0004  4.940423E-0003  3.556632E-0003  3.322660E-0003  1.661044E-0003  8.122163E-0004  7.543783E-0003
  4.388815E-0003  1.357113E-0002  4.658420E-0003  0.000000E+0000  2.444811E-0002  1.938525E-0002  1.140351E-0002  9.425057E-0003  1.207566E-0003  1.173450E-0002  2.744146E-0002
  3.165104E-0003  5.585749E-0003  9.701067E-0004  2.444811E-0002  0.000000E+0000  2.504316E-0002  9.925568E-0003  6.507648E-0003  2.232727E-0003  5.193590E-0003  3.270410E-0002
  1.742892E-0002  1.661319E-0002  4.940423E-0003  1.938525E-0002  2.504316E-0002  0.000000E+0000  1.562599E-0002  9.082098E-0003  3.637454E-0003  1.586395E-0002  2.692393E-0002
  3.445132E-0003  8.935074E-0003  3.556632E-0003  1.140351E-0002  9.925568E-0003  1.562599E-0002  0.000000E+0000  5.570787E-0003  1.537255E-0003  1.009997E-0002  1.532728E-0002
  5.994732E-0003  5.810005E-0003  3.322660E-0003  9.425057E-0003  6.507648E-0003  9.082098E-0003  5.570787E-0003  0.000000E+0000  6.784964E-0003  8.297347E-0003  8.767677E-0003
  4.085391E-0003  3.836888E-0003  1.661044E-0003  1.207566E-0003  2.232727E-0003  3.637454E-0003  1.537255E-0003  6.784964E-0003  0.000000E+0000  6.798805E-0003  2.316134E-0003
  6.907827E-0003  4.848868E-0003  8.122163E-0004  1.173450E-0002  5.193590E-0003  1.586395E-0002  1.009997E-0002  8.297347E-0003  6.798805E-0003  0.000000E+0000  1.729975E-0002
  1.221443E-0002  1.560123E-0002  7.543783E-0003  2.744146E-0002  3.270410E-0002  2.692393E-0002  1.532728E-0002  8.767677E-0003  2.316134E-0003  1.729975E-0002  0.000000E+0000

  0.000000E+0000  1.969369E-0003  1.864190E-0003  2.868838E-0003  2.633064E-0003  4.846219E-0003  2.004670E-0003  5.279363E-0003  2.073573E-0003  2.696995E-0003  1.885743E-0003
  1.969369E-0003  0.000000E+0000  1.095409E-0003  1.090165E-0002  5.783288E-0003  9.710209E-0003  1.924684E-0003  7.305562E-0003  2.685670E-0003  4.872464E-0003  8.767305E-0003
  1.864190E-0003  1.095409E-0003  0.000000E+0000  8.899483E-0003  2.713696E-0003  8.881879E-0003  1.645768E-0003  3.195852E-0003  3.451821E-0003  4.485591E-0003  6.258898E-0003
  2.868838E-0003  1.090165E-0002  8.899483E-0003  0.000000E+0000  1.175012E-0002  8.994136E-0003  3.138686E-0003  9.731779E-0003  3.366246E-0003  5.729043E-0003  1.071155E-0002
  2.633064E-0003  5.783288E-0003  2.713696E-0003  1.175012E-0002  0.000000E+0000  9.596310E-0003  1.655609E-0003  8.529346E-0003  6.343329E-0004  4.714262E-0003  1.067781E-0003
  4.846219E-0003  9.710209E-0003  8.881879E-0003  8.994136E-0003  9.596310E-0003  0.000000E+0000  3.530020E-0003  1.739983E-0002  6.579780E-0003  4.933679E-0003  9.565324E-0003
  2.004670E-0003  1.924684E-0003  1.645768E-0003  3.138686E-0003  1.655609E-0003  3.530020E-0003  0.000000E+0000  1.986875E-0003  3.108694E-0003  2.497751E-0003  2.538649E-0003
  5.279363E-0003  7.305562E-0003  3.195852E-0003  9.731779E-0003  8.529346E-0003  1.739983E-0002  1.986875E-0003  0.000000E+0000  9.454473E-0003  5.038716E-0003  1.260776E-0002
  2.073573E-0003  2.685670E-0003  3.451821E-0003  3.366246E-0003  6.343329E-0004  6.579780E-0003  3.108694E-0003  9.454473E-0003  0.000000E+0000  5.026322E-0003  2.300509E-0003
  2.696995E-0003  4.872464E-0003  4.485591E-0003  5.729043E-0003  4.714262E-0003  4.933679E-0003  2.497751E-0003  5.038716E-0003  5.026322E-0003  0.000000E+0000  3.509497E-0003
  1.885743E-0003  8.767305E-0003  6.258898E-0003  1.071155E-0002  1.067781E-0003  9.565324E-0003  2.538649E-0003  1.260776E-0002  2.300509E-0003  3.509497E-0003  0.000000E+0000

  0.000000E+0000  1.588864E-0002  8.577387E-0003  2.676514E-0002  2.576081E-0002  3.917301E-0002  1.543860E-0002  2.258772E-0002  1.432362E-0002  1.239639E-0002  4.017446E-0002
  1.588864E-0002  0.000000E+0000  7.504156E-0003  6.670237E-0002  1.814882E-0002  7.674244E-0002  2.684194E-0002  4.901621E-0002  1.944578E-0002  3.735238E-0002  8.329136E-0002
  8.577387E-0003  7.504156E-0003  0.000000E+0000  5.654293E-0002  1.336391E-0002  6.743387E-0002  1.632755E-0002  2.261077E-0002  2.099024E-0002  2.562037E-0002  5.871217E-0002
  2.676514E-0002  6.670237E-0002  5.654293E-0002  0.000000E+0000  7.231113E-0002  4.849246E-0002  7.489560E-0002  7.181197E-0002  1.703406E-0002  1.975904E-0002  3.769646E-0002
  2.576081E-0002  1.814882E-0002  1.336391E-0002  7.231113E-0002  0.000000E+0000  9.774977E-0002  4.545576E-0002  6.638495E-0002  9.313815E-0003  4.621182E-0002  5.925842E-0002
  3.917301E-0002  7.674244E-0002  6.743387E-0002  4.849246E-0002  9.774977E-0002  0.000000E+0000  4.517087E-0002  1.005237E-0001  2.706590E-0002  5.703947E-0002  9.075399E-0002
  1.543860E-0002  2.684194E-0002  1.632755E-0002  7.489560E-0002  4.545576E-0002  4.517087E-0002  0.000000E+0000  2.203827E-0002  1.380015E-0002  1.634221E-0002  4.537819E-0002
  2.258772E-0002  4.901621E-0002  2.261077E-0002  7.181197E-0002  6.638495E-0002  1.005237E-0001  2.203827E-0002  0.000000E+0000  3.522779E-0002  2.136974E-0002  8.970935E-0002
  1.432362E-0002  1.944578E-0002  2.099024E-0002  1.703406E-0002  9.313815E-0003  2.706590E-0002  1.380015E-0002  3.522779E-0002  0.000000E+0000  2.455042E-0002  1.517476E-0002
  1.239639E-0002  3.735238E-0002  2.562037E-0002  1.975904E-0002  4.621182E-0002  5.703947E-0002  1.634221E-0002  2.136974E-0002  2.455042E-0002  0.000000E+0000  5.629916E-0002
  4.017446E-0002  8.329136E-0002  5.871217E-0002  3.769646E-0002  5.925842E-0002  9.075399E-0002  4.537819E-0002  8.970935E-0002  1.517476E-0002  5.629916E-0002  0.000000E+0000

  0.000000E+0000  7.473809E-0002  6.011869E-0002  7.846542E-0002  9.650228E-0002  8.279329E-0002  5.674625E-0002  7.536057E-0002  6.012186E-0002  7.163463E-0002  4.781941E-0002
  7.473809E-0002  0.000000E+0000  3.954193E-0002  1.403699E-0001  8.431666E-0002  1.479684E-0001  1.202783E-0001  1.478584E-0001  1.276546E-0001  1.323389E-0001  1.410590E-0001
  6.011869E-0002  3.954193E-0002  0.000000E+0000  1.208444E-0001  1.148251E-0001  1.176839E-0001  8.714911E-0002  6.970210E-0002  4.829786E-0002  8.374751E-0002  7.660356E-0002
  7.846542E-0002  1.403699E-0001  1.208444E-0001  0.000000E+0000  1.846443E-0001  1.328353E-0001  1.407821E-0001  1.832097E-0001  1.174210E-0001  1.332787E-0001  1.665241E-0001
  9.650228E-0002  8.431666E-0002  1.148251E-0001  1.846443E-0001  0.000000E+0000  2.220998E-0001  1.721902E-0001  2.068548E-0001  2.014927E-0001  2.040758E-0001  2.329137E-0001
  8.279329E-0002  1.479684E-0001  1.176839E-0001  1.328353E-0001  2.220998E-0001  0.000000E+0000  1.160419E-0001  1.576261E-0001  1.558006E-0001  1.420821E-0001  2.373591E-0001
  5.674625E-0002  1.202783E-0001  8.714911E-0002  1.407821E-0001  1.721902E-0001  1.160419E-0001  0.000000E+0000  1.075893E-0001  7.609805E-0002  8.556511E-0002  8.748662E-0002
  7.536057E-0002  1.478584E-0001  6.970210E-0002  1.832097E-0001  2.068548E-0001  1.576261E-0001  1.075893E-0001  0.000000E+0000  4.981368E-0002  1.318282E-0001  1.136063E-0001
  6.012186E-0002  1.276546E-0001  4.829786E-0002  1.174210E-0001  2.014927E-0001  1.558006E-0001  7.609805E-0002  4.981368E-0002  0.000000E+0000  1.134422E-0001  1.130731E-0001
  7.163463E-0002  1.323389E-0001  8.374751E-0002  1.332787E-0001  2.040758E-0001  1.420821E-0001  8.556511E-0002  1.318282E-0001  1.134422E-0001  0.000000E+0000  1.253889E-0001
  4.781941E-0002  1.410590E-0001  7.660356E-0002  1.665241E-0001  2.329137E-0001  2.373591E-0001  8.748662E-0002  1.136063E-0001  1.130731E-0001  1.253889E-0001  0.000000E+0000

  0.000000E+0000  9.048533E-0003  3.643293E-0003  1.013043E-0002  1.033304E-0002  1.160940E-0002  7.501462E-0003  8.636786E-0003  4.974615E-0003  1.279843E-0002  6.693247E-0003
  9.048533E-0003  0.000000E+0000  2.576190E-0003  1.170299E-0002  2.720305E-0003  8.988547E-0003  1.094100E-0002  2.003462E-0002  1.159348E-0002  9.301030E-0003  1.701703E-0002
  3.643293E-0003  2.576190E-0003  0.000000E+0000  4.627843E-0003  3.622276E-0003  7.031983E-0003  7.598835E-0003  1.092641E-0002  6.238320E-0003  6.344935E-0003  1.059392E-0002
  1.013043E-0002  1.170299E-0002  4.627843E-0003  0.000000E+0000  1.348075E-0002  3.399808E-0002  2.562036E-0002  4.095465E-0002  9.758872E-0003  4.259613E-0002  3.058560E-0002
  1.033304E-0002  2.720305E-0003  3.622276E-0003  1.348075E-0002  0.000000E+0000  1.702968E-0002  1.938810E-0002  3.157831E-0002  1.208017E-0002  1.984004E-0002  2.559457E-0002
  1.160940E-0002  8.988547E-0003  7.031983E-0003  3.399808E-0002  1.702968E-0002  0.000000E+0000  2.190144E-0002  3.715552E-0002  8.840267E-0003  1.470012E-0002  2.979582E-0002
  7.501462E-0003  1.094100E-0002  7.598835E-0003  2.562036E-0002  1.938810E-0002  2.190144E-0002  0.000000E+0000  1.222893E-0002  3.345690E-0003  1.671025E-0002  8.887365E-0003
  8.636786E-0003  2.003462E-0002  1.092641E-0002  4.095465E-0002  3.157831E-0002  3.715552E-0002  1.222893E-0002  0.000000E+0000  6.941093E-0003  3.053411E-0002  1.280736E-0002
  4.974615E-0003  1.159348E-0002  6.238320E-0003  9.758872E-0003  1.208017E-0002  8.840267E-0003  3.345690E-0003  6.941093E-0003  0.000000E+0000  1.031315E-0002  3.299714E-0003
  1.279843E-0002  9.301030E-0003  6.344935E-0003  4.259613E-0002  1.984004E-0002  1.470012E-0002  1.671025E-0002  3.053411E-0002  1.031315E-0002  0.000000E+0000  1.760245E-0002
  6.693247E-0003  1.701703E-0002  1.059392E-0002  3.058560E-0002  2.559457E-0002  2.979582E-0002  8.887365E-0003  1.280736E-0002  3.299714E-0003  1.760245E-0002  0.000000E+0000

  0.000000E+0000  1.687703E-0004  9.599399E-0005  7.342683E-0004  1.097808E-0004  1.078210E-0003  3.343278E-0004  2.657348E-0004  1.185856E-0004  6.366377E-0004  1.195694E-0003
  1.687703E-0004  0.000000E+0000  1.410521E-0004  1.182717E-0003  4.485287E-0004  9.456725E-0004  8.900854E-0004  1.174119E-0003  3.700585E-0004  3.248380E-0004  1.155817E-0003
  9.599399E-0005  1.410521E-0004  0.000000E+0000  1.129378E-0003  4.939777E-0004  5.594591E-0004  5.153278E-0004  2.745746E-0004  8.434843E-0005  2.746215E-0004  6.443397E-0004
  7.342683E-0004  1.182717E-0003  1.129378E-0003  0.000000E+0000  1.598399E-0003  2.336489E-0003  2.133506E-0003  2.718014E-0003  8.891325E-0004  2.034328E-0003  2.563447E-0003
  1.097808E-0004  4.485287E-0004  4.939777E-0004  1.598399E-0003  0.000000E+0000  1.791899E-0003  1.531980E-0003  1.796364E-0003  1.964295E-0004  3.110398E-0004  1.158943E-0003
  1.078210E-0003  9.456725E-0004  5.594591E-0004  2.336489E-0003  1.791899E-0003  0.000000E+0000  1.476646E-0003  2.223507E-0003  6.662876E-0004  1.351447E-0003  1.643918E-0003
  3.343278E-0004  8.900854E-0004  5.153278E-0004  2.133506E-0003  1.531980E-0003  1.476646E-0003  0.000000E+0000  1.012388E-0003  2.615405E-0004  8.654487E-0004  5.472362E-0004
  2.657348E-0004  1.174119E-0003  2.745746E-0004  2.718014E-0003  1.796364E-0003  2.223507E-0003  1.012388E-0003  0.000000E+0000  3.308056E-0004  2.058724E-0003  9.041469E-0004
  1.185856E-0004  3.700585E-0004  8.434843E-0005  8.891325E-0004  1.964295E-0004  6.662876E-0004  2.615405E-0004  3.308056E-0004  0.000000E+0000  1.189984E-0003  5.491726E-0004
  6.366377E-0004  3.248380E-0004  2.746215E-0004  2.034328E-0003  3.110398E-0004  1.351447E-0003  8.654487E-0004  2.058724E-0003  1.189984E-0003  0.000000E+0000  2.334239E-0003
  1.195694E-0003  1.155817E-0003  6.443397E-0004  2.563447E-0003  1.158943E-0003  1.643918E-0003  5.472362E-0004  9.041469E-0004  5.491726E-0004  2.334239E-0003  0.000000E+0000
