6661999 = Ignore first line (new format code)
File name: E:\Folders\PhD\ISAD\ISAD_Curry_data\ISAD_EEGs\eLORETA\EEGs_128Hz_200sec-window\Clinical_v_Healthy\T1_clinical_all\F8-ROIlinLagConn-crss.txt
1 = Number of time frames in Time X Frequency decomposition
2 = Number of EEG files
11 = Number Electrodes
25600 = Number of time frames in EEG files
32768 = Number of time frames in EEG files power of 2
7 = Number of matrices
5 = Band type (1=Classical1; 2=Classical2; 3=DiscreteFreqs; 4=AllDiscreteFreqs; 5=UserDefinedBands)
 1.280000E+0002 = Sampling rate Hz
-1.000000E+0002 = Freq1 Hz
-1.000000E+0002 = Freq2 Hz
 3.906250E-0003 = Frequency resolution Hz

  0.000000E+0000  8.643229E-0002  6.928498E-0002  3.543079E-0002  1.178678E-0001  1.442658E-0001  8.495673E-0002  7.733837E-0002  2.204130E-0001  3.616124E-0002  1.062962E-0001
  8.643229E-0002  0.000000E+0000  1.700116E-0002  2.523766E-0002  2.509054E-0002  1.152047E-0001  5.854881E-0003  1.758862E-0002  5.306765E-0002  1.878886E-0002  7.911164E-0003
  6.928498E-0002  1.700116E-0002  0.000000E+0000  6.272787E-0003  4.948719E-0002  3.741271E-0002  3.759734E-0002  4.499504E-0002  1.018698E-0001  2.091513E-0002  7.379527E-0002
  3.543079E-0002  2.523766E-0002  6.272787E-0003  0.000000E+0000  9.238096E-0002  1.074074E-0001  7.144207E-0003  1.485302E-0001  1.611573E-0001  9.537438E-0002  7.174905E-0002
  1.178678E-0001  2.509054E-0002  4.948719E-0002  9.238096E-0002  0.000000E+0000  1.330812E-0001  2.976861E-0002  1.488258E-0001  1.043746E-0001  9.520748E-0002  8.305404E-0002
  1.442658E-0001  1.152047E-0001  3.741271E-0002  1.074074E-0001  1.330812E-0001  0.000000E+0000  4.082765E-0002  1.545872E-0001  3.332296E-0001  6.595782E-0002  7.936294E-0002
  8.495673E-0002  5.854881E-0003  3.759734E-0002  7.144207E-0003  2.976861E-0002  4.082765E-0002  0.000000E+0000  4.734374E-0002  1.167133E-0001  6.653761E-0003  2.562508E-0003
  7.733837E-0002  1.758862E-0002  4.499504E-0002  1.485302E-0001  1.488258E-0001  1.545872E-0001  4.734374E-0002  0.000000E+0000  1.010143E-0001  1.341144E-0001  8.724703E-0002
  2.204130E-0001  5.306765E-0002  1.018698E-0001  1.611573E-0001  1.043746E-0001  3.332296E-0001  1.167133E-0001  1.010143E-0001  0.000000E+0000  8.052860E-0002  1.567137E-0001
  3.616124E-0002  1.878886E-0002  2.091513E-0002  9.537438E-0002  9.520748E-0002  6.595782E-0002  6.653761E-0003  1.341144E-0001  8.052860E-0002  0.000000E+0000  7.757574E-0002
  1.062962E-0001  7.911164E-0003  7.379527E-0002  7.174905E-0002  8.305404E-0002  7.936294E-0002  2.562508E-0003  8.724703E-0002  1.567137E-0001  7.757574E-0002  0.000000E+0000

  0.000000E+0000  3.367640E-0003  1.281899E-0003  1.782220E-0002  7.552588E-0003  1.569678E-0002  4.419563E-0003  1.461448E-0002  6.323835E-0003  1.477322E-0002  1.514942E-0002
  3.367640E-0003  0.000000E+0000  2.080520E-0003  8.309019E-0004  3.456648E-0003  9.342271E-0003  8.123854E-0003  2.010127E-0003  1.236291E-0002  7.685117E-0004  2.628566E-0003
  1.281899E-0003  2.080520E-0003  0.000000E+0000  1.166454E-0002  1.036846E-0002  1.009788E-0002  8.001220E-0003  8.229026E-0003  9.195457E-0004  8.714372E-0003  9.278929E-0003
  1.782220E-0002  8.309019E-0004  1.166454E-0002  0.000000E+0000  1.502704E-0002  7.231948E-0002  3.027083E-0002  4.344458E-0002  4.789872E-0002  5.699925E-0002  1.624315E-0002
  7.552588E-0003  3.456648E-0003  1.036846E-0002  1.502704E-0002  0.000000E+0000  2.382714E-0002  2.457709E-0002  7.807964E-0003  2.163853E-0002  8.765846E-0003  1.542462E-0002
  1.569678E-0002  9.342271E-0003  1.009788E-0002  7.231948E-0002  2.382714E-0002  0.000000E+0000  1.560276E-0002  9.595014E-0002  3.646558E-0002  7.096467E-0002  6.915483E-0002
  4.419563E-0003  8.123854E-0003  8.001220E-0003  3.027083E-0002  2.457709E-0002  1.560276E-0002  0.000000E+0000  4.635239E-0002  1.797765E-0002  2.224336E-0002  3.176808E-0002
  1.461448E-0002  2.010127E-0003  8.229026E-0003  4.344458E-0002  7.807964E-0003  9.595014E-0002  4.635239E-0002  0.000000E+0000  4.903427E-0002  2.739184E-0002  2.083082E-0002
  6.323835E-0003  1.236291E-0002  9.195457E-0004  4.789872E-0002  2.163853E-0002  3.646558E-0002  1.797765E-0002  4.903427E-0002  0.000000E+0000  3.109111E-0002  2.970350E-0002
  1.477322E-0002  7.685117E-0004  8.714372E-0003  5.699925E-0002  8.765846E-0003  7.096467E-0002  2.224336E-0002  2.739184E-0002  3.109111E-0002  0.000000E+0000  1.163472E-0002
  1.514942E-0002  2.628566E-0003  9.278929E-0003  1.624315E-0002  1.542462E-0002  6.915483E-0002  3.176808E-0002  2.083082E-0002  2.970350E-0002  1.163472E-0002  0.000000E+0000

  0.000000E+0000  5.560233E-0004  3.772073E-0004  1.710383E-0003  1.861719E-0003  2.927342E-0003  4.967515E-0003  1.210875E-0003  3.320530E-0003  1.524294E-0003  3.160446E-0003
  5.560233E-0004  0.000000E+0000  2.618061E-0004  9.318888E-0004  3.670334E-0004  2.147010E-0003  2.434407E-0003  3.116465E-0004  4.787424E-0004  7.074350E-0004  8.506800E-0004
  3.772073E-0004  2.618061E-0004  0.000000E+0000  2.092950E-0003  1.197320E-0003  1.156420E-0003  1.786099E-0003  1.079967E-0003  1.682789E-0003  1.958546E-0003  2.574823E-0003
  1.710383E-0003  9.318888E-0004  2.092950E-0003  0.000000E+0000  2.871139E-0003  4.101366E-0003  7.222417E-0003  4.531285E-0003  3.608057E-0003  1.200511E-0003  4.687974E-0003
  1.861719E-0003  3.670334E-0004  1.197320E-0003  2.871139E-0003  0.000000E+0000  5.478926E-0003  6.880475E-0003  2.246426E-0003  5.075341E-0003  3.413220E-0003  3.348818E-0003
  2.927342E-0003  2.147010E-0003  1.156420E-0003  4.101366E-0003  5.478926E-0003  0.000000E+0000  9.110017E-0003  5.242767E-0003  8.763210E-0003  4.893622E-0003  9.120499E-0003
  4.967515E-0003  2.434407E-0003  1.786099E-0003  7.222417E-0003  6.880475E-0003  9.110017E-0003  0.000000E+0000  3.403264E-0003  2.150550E-0002  7.272480E-0003  6.971117E-0003
  1.210875E-0003  3.116465E-0004  1.079967E-0003  4.531285E-0003  2.246426E-0003  5.242767E-0003  3.403264E-0003  0.000000E+0000  3.625287E-0003  4.552513E-0003  5.349342E-0003
  3.320530E-0003  4.787424E-0004  1.682789E-0003  3.608057E-0003  5.075341E-0003  8.763210E-0003  2.150550E-0002  3.625287E-0003  0.000000E+0000  2.306466E-0003  3.574276E-0003
  1.524294E-0003  7.074350E-0004  1.958546E-0003  1.200511E-0003  3.413220E-0003  4.893622E-0003  7.272480E-0003  4.552513E-0003  2.306466E-0003  0.000000E+0000  3.628285E-0003
  3.160446E-0003  8.506800E-0004  2.574823E-0003  4.687974E-0003  3.348818E-0003  9.120499E-0003  6.971117E-0003  5.349342E-0003  3.574276E-0003  3.628285E-0003  0.000000E+0000

  0.000000E+0000  2.780531E-0004  1.786925E-0003  2.354688E-0003  1.106870E-0003  2.435286E-0003  1.706393E-0003  1.051304E-0003  2.378761E-0003  1.973535E-0003  2.230409E-0003
  2.780531E-0004  0.000000E+0000  1.000352E-0004  1.346641E-0004  2.987062E-0004  4.827644E-0004  3.155235E-0004  1.717134E-0004  2.290009E-0004  2.867236E-0004  5.823626E-0004
  1.786925E-0003  1.000352E-0004  0.000000E+0000  7.506572E-0004  4.023809E-0004  1.086354E-0003  1.507554E-0003  1.031020E-0003  1.544530E-0003  1.023852E-0003  5.909966E-0004
  2.354688E-0003  1.346641E-0004  7.506572E-0004  0.000000E+0000  2.958373E-0003  6.729858E-0003  5.014722E-0003  3.335151E-0003  9.933329E-0004  1.097430E-0002  6.511395E-0003
  1.106870E-0003  2.987062E-0004  4.023809E-0004  2.958373E-0003  0.000000E+0000  3.703522E-0003  3.422025E-0003  1.939067E-0003  1.894268E-0003  3.344016E-0003  3.340483E-0003
  2.435286E-0003  4.827644E-0004  1.086354E-0003  6.729858E-0003  3.703522E-0003  0.000000E+0000  4.549088E-0003  3.318251E-0003  5.763122E-0004  1.025250E-0002  7.979101E-0003
  1.706393E-0003  3.155235E-0004  1.507554E-0003  5.014722E-0003  3.422025E-0003  4.549088E-0003  0.000000E+0000  5.764726E-0003  3.302615E-0003  4.513199E-0003  3.150136E-0003
  1.051304E-0003  1.717134E-0004  1.031020E-0003  3.335151E-0003  1.939067E-0003  3.318251E-0003  5.764726E-0003  0.000000E+0000  5.801658E-0004  1.196397E-0003  8.887990E-0003
  2.378761E-0003  2.290009E-0004  1.544530E-0003  9.933329E-0004  1.894268E-0003  5.763122E-0004  3.302615E-0003  5.801658E-0004  0.000000E+0000  5.681680E-0004  2.984637E-0003
  1.973535E-0003  2.867236E-0004  1.023852E-0003  1.097430E-0002  3.344016E-0003  1.025250E-0002  4.513199E-0003  1.196397E-0003  5.681680E-0004  0.000000E+0000  9.268897E-0003
  2.230409E-0003  5.823626E-0004  5.909966E-0004  6.511395E-0003  3.340483E-0003  7.979101E-0003  3.150136E-0003  8.887990E-0003  2.984637E-0003  9.268897E-0003  0.000000E+0000

  0.000000E+0000  2.854010E-0004  4.673817E-0004  3.591507E-0003  5.569184E-0004  3.923130E-0003  2.024473E-0003  1.537979E-0003  8.309032E-0004  3.445864E-0003  2.345471E-0003
  2.854010E-0004  0.000000E+0000  3.636774E-0004  3.001398E-0003  1.433908E-0003  3.208442E-0003  1.491632E-0003  3.376334E-0004  6.308575E-0004  2.943059E-0003  3.299691E-0003
  4.673817E-0004  3.636774E-0004  0.000000E+0000  9.249395E-0004  1.081849E-0003  9.700718E-0004  3.312474E-0003  2.600961E-0003  1.151313E-0003  7.608336E-0004  4.331990E-0003
  3.591507E-0003  3.001398E-0003  9.249395E-0004  0.000000E+0000  9.160959E-0003  4.292286E-0003  2.519890E-0002  2.957484E-0003  3.019595E-0003  2.589625E-0002  3.601712E-0002
  5.569184E-0004  1.433908E-0003  1.081849E-0003  9.160959E-0003  0.000000E+0000  1.249994E-0002  3.848326E-0003  8.245666E-0004  2.721600E-0003  7.919841E-0003  6.714363E-0003
  3.923130E-0003  3.208442E-0003  9.700718E-0004  4.292286E-0003  1.249994E-0002  0.000000E+0000  2.304354E-0002  3.091614E-0003  5.456829E-0003  3.064371E-0002  3.996331E-0002
  2.024473E-0003  1.491632E-0003  3.312474E-0003  2.519890E-0002  3.848326E-0003  2.304354E-0002  0.000000E+0000  1.025285E-0002  5.191736E-0003  2.525171E-0002  1.948393E-0002
  1.537979E-0003  3.376334E-0004  2.600961E-0003  2.957484E-0003  8.245666E-0004  3.091614E-0003  1.025285E-0002  0.000000E+0000  2.188885E-0003  2.930224E-0003  1.302150E-0002
  8.309032E-0004  6.308575E-0004  1.151313E-0003  3.019595E-0003  2.721600E-0003  5.456829E-0003  5.191736E-0003  2.188885E-0003  0.000000E+0000  2.220870E-0003  8.652056E-0003
  3.445864E-0003  2.943059E-0003  7.608336E-0004  2.589625E-0002  7.919841E-0003  3.064371E-0002  2.525171E-0002  2.930224E-0003  2.220870E-0003  0.000000E+0000  3.262891E-0002
  2.345471E-0003  3.299691E-0003  4.331990E-0003  3.601712E-0002  6.714363E-0003  3.996331E-0002  1.948393E-0002  1.302150E-0002  8.652056E-0003  3.262891E-0002  0.000000E+0000

  0.000000E+0000  2.045106E-0004  7.570290E-0005  1.936538E-0003  1.211330E-0004  1.301204E-0003  8.011344E-0005  6.564108E-0004  1.847356E-0004  1.799416E-0003  1.245474E-0003
  2.045106E-0004  0.000000E+0000  7.033951E-0005  9.073969E-0004  1.426237E-0004  8.170854E-0004  2.366456E-0004  4.456177E-0004  1.902484E-0005  9.154516E-0004  9.711601E-0004
  7.570290E-0005  7.033951E-0005  0.000000E+0000  2.637891E-0004  2.069767E-0004  2.206728E-0004  2.748111E-0004  7.118339E-0005  3.243763E-0004  2.213667E-0004  3.379824E-0004
  1.936538E-0003  9.073969E-0004  2.637891E-0004  0.000000E+0000  3.168139E-0003  1.776544E-0003  6.556197E-0004  2.372443E-0003  2.656433E-0004  4.018804E-0003  1.689463E-0003
  1.211330E-0004  1.426237E-0004  2.069767E-0004  3.168139E-0003  0.000000E+0000  2.838873E-0003  4.666987E-0004  9.219431E-0004  4.184716E-0004  3.034483E-0003  2.915895E-0003
  1.301204E-0003  8.170854E-0004  2.206728E-0004  1.776544E-0003  2.838873E-0003  0.000000E+0000  5.631601E-0004  1.670071E-0003  1.987129E-0004  3.807859E-0003  1.214881E-0003
  8.011344E-0005  2.366456E-0004  2.748111E-0004  6.556197E-0004  4.666987E-0004  5.631601E-0004  0.000000E+0000  1.809620E-0004  2.913540E-0004  6.972452E-0004  4.125640E-0004
  6.564108E-0004  4.456177E-0004  7.118339E-0005  2.372443E-0003  9.219431E-0004  1.670071E-0003  1.809620E-0004  0.000000E+0000  8.079124E-0004  1.795313E-0003  1.222008E-0003
  1.847356E-0004  1.902484E-0005  3.243763E-0004  2.656433E-0004  4.184716E-0004  1.987129E-0004  2.913540E-0004  8.079124E-0004  0.000000E+0000  4.076312E-0004  1.537451E-0004
  1.799416E-0003  9.154516E-0004  2.213667E-0004  4.018804E-0003  3.034483E-0003  3.807859E-0003  6.972452E-0004  1.795313E-0003  4.076312E-0004  0.000000E+0000  1.501907E-0003
  1.245474E-0003  9.711601E-0004  3.379824E-0004  1.689463E-0003  2.915895E-0003  1.214881E-0003  4.125640E-0004  1.222008E-0003  1.537451E-0004  1.501907E-0003  0.000000E+0000

  0.000000E+0000  3.262026E-0005  3.369952E-0004  5.182708E-0005  1.395406E-0004  1.925194E-0004  1.440591E-0004  1.986031E-0004  6.837009E-0005  3.242478E-0005  9.878636E-0005
  3.262026E-0005  0.000000E+0000  5.042563E-0005  1.711675E-0004  8.009181E-0005  5.808070E-0005  1.979492E-0004  2.320576E-0004  7.436202E-0005  2.287119E-0004  3.973428E-0004
  3.369952E-0004  5.042563E-0005  0.000000E+0000  2.084885E-0004  1.290126E-0004  6.645145E-0004  1.250708E-0003  1.148542E-0004  6.378932E-0004  1.938120E-0004  6.615423E-0004
  5.182708E-0005  1.711675E-0004  2.084885E-0004  0.000000E+0000  3.648328E-0004  1.508261E-0003  5.198634E-0004  5.653701E-0004  7.899090E-0004  9.289828E-0004  4.351706E-0004
  1.395406E-0004  8.009181E-0005  1.290126E-0004  3.648328E-0004  0.000000E+0000  5.133242E-0004  4.525653E-0004  5.266062E-0004  2.227981E-0004  6.823067E-0004  6.815661E-0004
  1.925194E-0004  5.808070E-0005  6.645145E-0004  1.508261E-0003  5.133242E-0004  0.000000E+0000  1.085106E-0003  4.488687E-0004  5.760031E-0004  2.030700E-0003  1.230619E-0003
  1.440591E-0004  1.979492E-0004  1.250708E-0003  5.198634E-0004  4.525653E-0004  1.085106E-0003  0.000000E+0000  2.258957E-0004  4.522357E-0004  6.873634E-0004  5.976773E-0004
  1.986031E-0004  2.320576E-0004  1.148542E-0004  5.653701E-0004  5.266062E-0004  4.488687E-0004  2.258957E-0004  0.000000E+0000  7.319324E-0004  4.643063E-0004  5.118963E-0004
  6.837009E-0005  7.436202E-0005  6.378932E-0004  7.899090E-0004  2.227981E-0004  5.760031E-0004  4.522357E-0004  7.319324E-0004  0.000000E+0000  8.207296E-0004  4.471264E-0004
  3.242478E-0005  2.287119E-0004  1.938120E-0004  9.289828E-0004  6.823067E-0004  2.030700E-0003  6.873634E-0004  4.643063E-0004  8.207296E-0004  0.000000E+0000  1.864866E-0003
  9.878636E-0005  3.973428E-0004  6.615423E-0004  4.351706E-0004  6.815661E-0004  1.230619E-0003  5.976773E-0004  5.118963E-0004  4.471264E-0004  1.864866E-0003  0.000000E+0000
